time,open,high,low,close,Volume,volume
2000-08-11,310.36,340.79,292.1,319.37,,25360000.0
2000-08-14,318.64,319.37,292.1,292.1,,2566400.0
2000-08-15,296.0,301.35,292.1,295.02,,1548800.0
2000-08-16,293.56,317.91,293.56,301.35,,1347200.0
2000-08-17,298.19,304.27,290.64,292.1,,1510400.0
2000-08-18,305.01,350.04,301.35,348.33,,1932800.0
2000-08-21,366.59,395.56,339.33,369.75,,2128000.0
2000-08-22,374.38,381.93,328.62,328.62,,1081600.0
2000-08-23,330.08,334.7,310.36,316.45,,572800.0
2000-08-24,314.99,317.91,293.56,293.56,,588800.0
2000-08-25,305.74,314.99,295.02,313.52,,643200.0
2000-08-28,326.43,329.83,304.27,319.37,,620800.0
2000-08-29,327.16,328.62,307.2,325.7,,726400.0
2000-08-30,324.72,357.58,322.53,345.41,,633600.0
2000-08-31,366.59,401.64,362.21,394.1,,2793600.0
2000-09-01,392.39,395.56,365.13,383.39,,886400.0
2000-09-05,384.85,395.56,377.3,378.76,,736000.0
2000-09-06,392.39,395.56,371.22,377.3,,656000.0
2000-09-07,389.47,389.47,325.7,350.04,,764800.0
2000-09-08,347.36,352.96,334.7,340.79,,508800.0
2000-09-11,336.16,340.79,328.62,337.87,,1104000.0
2000-09-12,330.81,336.16,313.52,316.45,,1081600.0
2000-09-13,310.36,319.37,301.35,304.27,,329600.0
2000-09-14,337.87,337.87,304.27,308.9,,259200.0
2000-09-15,305.74,316.45,304.27,305.74,,115200.0
2000-09-18,319.37,322.53,290.64,293.56,,595200.0
2000-09-19,318.64,319.37,261.68,273.85,,1536000.0
2000-09-20,279.93,281.39,237.33,252.67,,771200.0
2000-09-21,250.97,261.68,248.04,258.51,,806400.0
2000-09-22,233.44,263.14,229.79,257.05,,268800.0
2000-09-25,258.51,263.14,228.33,229.79,,672000.0
2000-09-26,240.5,241.96,219.08,225.16,,627200.0
2000-09-27,229.06,229.79,209.83,227.35,,534400.0
2000-09-28,225.16,261.68,222.0,243.42,,704000.0
2000-09-29,245.61,246.34,212.26,216.16,,611200.0
2000-10-02,228.33,229.06,203.99,206.91,,217600.0
2000-10-03,209.1,216.16,188.65,193.28,,323200.0
2000-10-04,194.74,196.2,164.31,173.31,,467200.0
2000-10-05,168.93,197.66,158.22,159.68,,483200.0
2000-10-06,169.18,170.39,144.59,148.24,,364800.0
2000-10-09,159.68,162.85,140.7,150.68,,339200.0
2000-10-10,153.6,155.3,133.88,138.51,,422400.0
2000-10-11,127.8,139.97,98.83,100.29,,1356800.0
2000-10-12,123.9,127.8,109.54,126.33,,1190400.0
2000-10-13,138.51,191.81,134.61,184.03,,1369600.0
2000-10-16,197.66,199.36,179.64,197.66,,1232000.0
2000-10-17,206.91,208.37,185.49,190.11,,352000.0
2000-10-18,188.65,203.99,144.59,196.2,,617600.0
2000-10-19,206.91,226.62,164.31,168.2,,828800.0
2000-10-20,182.56,182.56,170.39,177.94,,694400.0
2000-10-23,179.64,204.72,173.31,200.82,,569600.0
2000-10-24,202.04,206.91,197.66,205.45,,630400.0
2000-10-25,203.5,206.91,191.81,206.91,,422400.0
2000-10-26,206.18,234.17,205.45,220.54,,278400.0
2000-10-27,221.76,222.0,209.83,219.08,,105600.0
2000-10-30,217.62,228.33,209.83,217.62,,243200.0
2000-10-31,222.0,249.51,212.99,237.33,,332800.0
2000-11-01,236.85,255.59,232.71,237.33,,368000.0
2000-11-02,236.85,240.5,216.16,225.16,,249600.0
2000-11-03,218.35,229.79,218.35,222.0,,246400.0
2000-11-06,225.16,228.33,211.53,216.16,,310400.0
2000-11-07,219.08,219.08,212.99,216.16,,211200.0
2000-11-08,216.16,216.16,183.3,196.2,,668800.0
2000-11-09,182.56,194.74,182.56,192.55,,403200.0
2000-11-10,185.97,188.65,181.1,181.1,,579200.0
2000-11-13,168.93,171.85,165.77,171.85,,438400.0
2000-11-14,171.12,177.94,158.22,161.14,,502400.0
2000-11-15,167.47,168.93,153.6,153.6,,652800.0
2000-11-16,158.71,161.14,152.14,154.33,,124800.0
2000-11-17,166.5,167.47,155.3,161.14,,451200.0
2000-11-20,158.95,159.68,153.6,153.6,,172800.0
2000-11-21,154.33,158.22,150.68,150.68,,262400.0
2000-11-22,152.14,152.14,146.05,146.05,,364800.0
2000-11-24,148.0,148.97,146.05,146.78,,57600.0
2000-11-27,155.3,161.14,144.59,146.05,,166400.0
2000-11-28,148.97,148.97,130.96,132.42,,124800.0
2000-11-29,132.42,135.34,109.54,118.79,,544000.0
2000-11-30,115.62,117.82,103.45,106.62,,339200.0
2000-12-01,106.62,123.17,105.64,117.08,,217600.0
2000-12-04,117.82,124.63,117.82,120.25,,76800.0
2000-12-05,123.66,126.33,118.79,123.17,,150400.0
2000-12-06,122.44,123.17,111.0,117.08,,163200.0
2000-12-07,116.35,126.33,109.54,109.54,,435200.0
2000-12-08,115.62,146.05,115.62,133.88,,182400.0
2000-12-11,134.61,141.43,133.88,133.88,,80000.0
2000-12-12,138.02,177.94,133.88,161.14,,320000.0
2000-12-13,179.16,185.49,167.47,171.85,,211200.0
2000-12-14,177.7,177.94,165.77,170.39,,156800.0
2000-12-15,169.18,171.61,162.85,162.85,,80000.0
2000-12-18,172.58,173.31,136.8,142.16,,99200.0
2000-12-19,131.69,144.59,124.63,135.34,,160000.0
2000-12-20,133.88,135.83,114.16,118.79,,262400.0
2000-12-21,109.54,112.46,95.91,98.83,,534400.0
2000-12-22,111.49,112.46,97.37,97.37,,451200.0
2000-12-26,98.83,108.08,92.74,95.91,,348800.0
2000-12-27,95.91,97.37,85.2,92.74,,220800.0
2000-12-28,91.28,92.74,79.11,85.2,,985600.0
2000-12-29,84.47,115.62,83.74,106.62,,534400.0
2001-01-02,107.59,108.08,82.28,86.66,,432000.0
2001-01-03,83.74,109.54,79.11,88.12,,835200.0
2001-01-04,95.42,101.99,85.2,88.12,,310400.0
2001-01-05,91.28,98.83,86.66,97.37,,160000.0
2001-01-08,97.37,98.83,91.28,95.91,,166400.0
2001-01-09,97.37,97.37,86.66,90.55,,73600.0
2001-01-10,92.01,94.45,86.66,92.74,,179200.0
2001-01-11,92.74,98.83,87.39,94.45,,246400.0
2001-01-12,95.42,112.46,95.42,112.46,,547200.0
2001-01-16,115.62,127.8,109.54,121.71,,204800.0
2001-01-17,127.8,146.05,126.33,136.8,,220800.0
2001-01-18,144.1,148.97,139.97,141.43,,217600.0
2001-01-19,143.13,147.51,139.97,143.13,,291200.0
2001-01-22,146.05,152.14,139.97,146.05,,268800.0
2001-01-23,146.54,158.22,144.59,155.3,,134400.0
2001-01-24,164.8,182.56,153.6,170.39,,419200.0
2001-01-25,168.93,170.39,158.22,158.22,,182400.0
2001-01-26,144.59,148.97,133.88,146.05,,249600.0
2001-01-29,149.95,155.3,146.05,147.51,,89600.0
2001-01-30,150.68,150.68,143.13,144.59,,80000.0
2001-01-31,147.27,152.14,139.97,144.59,,262400.0
2001-02-01,144.59,150.68,143.86,146.05,,48000.0
2001-02-02,146.05,147.51,143.13,146.05,,38400.0
2001-02-05,145.32,145.32,130.96,130.96,,70400.0
2001-02-06,121.71,131.69,118.79,128.53,,102400.0
2001-02-07,128.53,148.97,126.33,148.97,,131200.0
2001-02-08,159.68,170.39,152.14,158.22,,489600.0
2001-02-09,164.31,164.31,141.43,150.68,,137600.0
2001-02-12,146.05,158.22,143.13,146.05,,73600.0
2001-02-13,148.97,151.41,134.61,143.13,,182400.0
2001-02-14,142.64,143.86,127.8,132.42,,44800.0
2001-02-15,133.88,143.13,124.63,124.63,,102400.0
2001-02-16,127.07,127.8,97.37,108.81,,1270400.0
2001-02-20,109.54,120.25,104.91,106.62,,108800.0
2001-02-21,103.45,104.91,95.91,97.37,,227200.0
2001-02-22,98.83,101.26,91.28,95.91,,153600.0
2001-02-23,96.15,98.1,91.28,95.91,,486400.0
2001-02-26,96.64,98.1,91.28,92.74,,307200.0
2001-02-27,92.5,93.47,88.12,92.01,,355200.0
2001-02-28,91.77,93.47,88.12,91.28,,108800.0
2001-03-01,90.55,91.28,75.22,76.92,,502400.0
2001-03-02,78.38,79.84,66.94,69.13,,342400.0
2001-03-05,72.54,73.76,66.94,70.84,,400000.0
2001-03-06,73.51,103.45,70.1,73.03,,806400.0
2001-03-07,76.92,76.92,70.1,73.03,,240000.0
2001-03-08,74.24,74.49,66.94,71.57,,182400.0
2001-03-09,73.03,74.49,66.94,67.67,,160000.0
2001-03-12,68.4,68.4,53.55,57.93,,595200.0
2001-03-13,50.14,56.23,48.68,54.77,,457600.0
2001-03-14,52.09,54.04,48.68,49.41,,339200.0
2001-03-15,51.61,54.77,47.22,47.22,,467200.0
2001-03-16,48.68,50.14,37.97,42.6,,352000.0
2001-03-19,44.79,50.87,44.79,47.22,,521600.0
2001-03-20,49.9,50.14,47.95,49.41,,620800.0
2001-03-21,49.41,50.14,47.22,48.68,,412800.0
2001-03-22,49.41,50.14,48.68,49.41,,172800.0
2001-03-23,48.68,50.14,47.22,49.41,,326400.0
2001-03-26,49.17,49.41,47.22,48.68,,73600.0
2001-03-27,48.68,49.41,39.43,39.43,,214400.0
2001-03-28,36.51,43.09,33.59,37.97,,492800.0
2001-03-29,40.41,42.6,33.59,34.32,,649600.0
2001-03-30,36.51,36.51,25.8,30.43,,998400.0
2001-04-02,33.59,35.05,24.34,27.26,,560000.0
2001-04-03,28.97,30.43,24.34,26.53,,838400.0
2001-04-04,28.97,30.43,24.34,25.07,,419200.0
2001-04-05,27.26,27.26,23.61,25.07,,819200.0
2001-04-06,25.07,25.07,12.17,14.36,,2921600.0
2001-04-09,20.2,22.39,17.53,22.39,,1161600.0
2001-04-10,25.32,31.64,25.32,27.02,,1648000.0
2001-04-11,30.18,33.59,27.99,32.86,,2572800.0
2001-04-12,34.08,34.81,30.43,31.64,,793600.0
2001-04-16,34.08,35.3,32.86,33.59,,835200.0
2001-04-17,31.64,32.62,30.67,32.13,,358400.0
2001-04-18,33.11,36.51,32.86,35.54,,918400.0
2001-04-19,39.19,45.03,38.95,39.68,,1337600.0
2001-04-20,41.87,42.11,35.3,36.51,,678400.0
2001-04-23,36.51,37.24,28.97,29.94,,444800.0
2001-04-24,29.94,31.64,29.21,31.4,,316800.0
2001-04-25,31.16,33.11,30.43,30.91,,508800.0
2001-04-26,31.4,31.64,30.43,30.43,,179200.0
2001-04-27,31.64,33.84,30.18,31.64,,528000.0
2001-04-30,33.11,33.59,30.91,32.13,,480000.0
2001-05-01,32.86,33.59,31.16,32.13,,496000.0
2001-05-02,33.11,46.49,32.13,42.11,,819200.0
2001-05-03,43.33,43.57,36.51,41.38,,400000.0
2001-05-04,41.38,41.38,37.0,39.43,,454400.0
2001-05-07,39.92,40.16,36.27,38.46,,454400.0
2001-05-08,38.46,41.38,38.46,39.43,,182400.0
2001-05-09,39.68,39.68,36.51,37.24,,144000.0
2001-05-10,37.97,38.7,36.03,36.51,,208000.0
2001-05-11,37.97,37.97,29.21,33.84,,646400.0
2001-05-14,34.57,34.57,24.34,28.24,,672000.0
2001-05-15,28.72,31.64,28.72,30.91,,387200.0
2001-05-16,29.94,32.86,29.7,31.64,,131200.0
2001-05-17,31.89,33.35,29.21,30.43,,198400.0
2001-05-18,30.43,31.16,28.24,29.21,,585600.0
2001-05-21,29.45,34.81,29.21,33.84,,211200.0
2001-05-22,34.08,36.27,32.13,35.05,,124800.0
2001-05-23,35.78,35.78,32.86,34.81,,179200.0
2001-05-24,34.57,41.38,34.08,37.49,,316800.0
2001-05-25,38.95,39.92,35.3,36.51,,124800.0
2001-05-29,37.73,38.22,35.05,35.54,,144000.0
2001-05-30,36.03,36.27,30.67,31.64,,268800.0
2001-05-31,32.13,33.59,30.43,31.64,,195200.0
2001-06-01,33.59,33.59,30.18,32.86,,224000.0
2001-06-04,35.78,36.51,31.89,36.27,,284800.0
2001-06-05,36.51,37.97,35.3,37.0,,156800.0
2001-06-06,37.49,37.73,35.05,35.05,,60800.0
2001-06-07,34.32,35.78,31.89,33.11,,156800.0
2001-06-08,34.57,34.81,31.4,32.86,,208000.0
2001-06-11,33.11,33.35,31.16,32.86,,67200.0
2001-06-12,31.64,32.86,31.16,31.89,,60800.0
2001-06-13,32.86,34.08,32.37,32.37,,32000.0
2001-06-14,31.64,33.11,27.51,28.97,,275200.0
2001-06-15,29.7,29.7,25.56,27.99,,611200.0
2001-06-18,33.35,35.05,28.72,29.7,,448000.0
2001-06-19,31.16,31.16,29.21,29.94,,464000.0
2001-06-20,29.7,31.4,26.29,28.24,,153600.0
2001-06-21,25.56,29.21,24.59,27.75,,454400.0
2001-06-22,27.75,27.75,25.32,27.02,,102400.0
2001-06-25,27.99,30.43,27.02,27.51,,294400.0
2001-06-26,27.02,29.21,26.29,27.51,,163200.0
2001-06-27,27.26,28.48,26.29,26.78,,326400.0
2001-06-28,27.02,27.02,24.59,26.05,,1286400.0
2001-06-29,25.07,26.29,24.83,26.05,,2700800.0
2001-07-02,26.78,27.02,24.83,25.32,,243200.0
2001-07-03,25.56,27.26,25.32,27.26,,41600.0
2001-07-05,27.26,27.51,24.83,25.32,,262400.0
2001-07-06,24.83,26.29,24.59,25.56,,57600.0
2001-07-09,26.53,26.78,24.83,25.56,,339200.0
2001-07-10,25.56,25.56,24.83,25.07,,160000.0
2001-07-11,25.32,25.32,24.34,25.07,,262400.0
2001-07-12,25.56,25.8,24.59,25.07,,211200.0
2001-07-13,26.05,26.05,24.83,25.07,,326400.0
2001-07-16,25.07,33.84,25.07,33.11,,304000.0
2001-07-17,33.59,35.3,27.02,34.08,,329600.0
2001-07-18,34.57,35.3,31.64,32.62,,326400.0
2001-07-19,35.3,37.73,34.08,34.81,,572800.0
2001-07-20,36.76,36.76,34.57,34.81,,96000.0
2001-07-23,35.54,35.54,30.43,31.16,,166400.0
2001-07-24,31.16,35.3,30.91,32.86,,137600.0
2001-07-25,32.86,33.35,30.91,31.4,,57600.0
2001-07-26,31.16,32.37,29.21,30.43,,124800.0
2001-07-27,29.7,33.11,29.45,32.86,,108800.0
2001-07-30,32.37,33.59,31.16,32.86,,44800.0
2001-07-31,30.91,34.08,30.91,34.08,,76800.0
2001-08-01,31.4,33.84,30.18,30.91,,86400.0
2001-08-02,30.91,31.64,29.7,30.43,,57600.0
2001-08-03,29.7,30.67,29.21,29.45,,35200.0
2001-08-06,30.43,30.43,29.45,29.45,,48000.0
2001-08-07,30.67,31.4,29.45,30.43,,57600.0
2001-08-08,30.18,31.16,29.7,30.18,,140800.0
2001-08-09,29.7,30.91,29.21,30.43,,67200.0
2001-08-10,30.43,30.91,29.21,30.18,,28800.0
2001-08-13,29.94,30.43,28.72,28.97,,60800.0
2001-08-14,29.21,30.18,28.72,29.21,,51200.0
2001-08-15,28.72,30.18,28.72,29.21,,102400.0
2001-08-16,28.72,28.97,26.78,28.24,,96000.0
2001-08-17,28.24,28.24,25.56,27.99,,99200.0
2001-08-20,27.02,27.99,25.56,26.78,,51200.0
2001-08-21,27.02,27.99,25.07,25.56,,67200.0
2001-08-22,25.32,27.26,24.59,24.59,,86400.0
2001-08-23,24.59,26.53,23.86,23.86,,246400.0
2001-08-24,23.61,23.86,19.47,22.88,,304000.0
2001-08-27,25.07,25.56,19.96,21.66,,294400.0
2001-08-28,21.66,22.88,19.72,20.93,,137600.0
2001-08-29,20.69,21.18,17.53,18.99,,947200.0
2001-08-30,18.74,18.74,17.53,17.77,,185600.0
2001-08-31,18.26,18.74,17.53,17.77,,201600.0
2001-09-04,18.26,18.5,15.09,17.77,,396800.0
2001-09-05,17.77,18.01,14.61,15.82,,400000.0
2001-09-06,15.58,18.99,15.58,17.04,,137600.0
2001-09-07,17.04,17.04,15.09,15.82,,192000.0
2001-09-10,16.55,16.55,12.17,14.12,,3980800.0
2001-09-17,12.9,14.12,12.17,13.14,,691200.0
2001-09-18,12.66,13.39,12.17,12.9,,265600.0
2001-09-19,12.9,12.9,10.95,12.9,,390400.0
2001-09-20,12.66,12.66,11.93,11.93,,134400.0
2001-09-21,12.17,12.17,8.52,10.71,,1043200.0
2001-09-24,11.44,12.41,11.44,12.17,,464000.0
2001-09-25,13.14,13.14,9.01,9.74,,496000.0
2001-09-26,10.22,10.22,8.03,9.25,,1171200.0
2001-09-27,9.49,10.95,9.49,10.71,,409600.0
2001-09-28,10.95,10.95,9.01,10.95,,444800.0
2001-10-01,10.71,11.44,10.47,10.95,,345600.0
2001-10-02,11.68,11.68,9.49,11.44,,342500.0
2001-10-03,11.93,11.93,10.47,10.47,,412500.0
2001-10-04,11.44,11.44,10.47,10.95,,252900.0
2001-10-05,11.2,11.2,9.74,10.22,,284800.0
2001-10-08,10.95,10.95,8.52,9.49,,384000.0
2001-10-09,9.98,10.47,9.25,10.47,,144000.0
2001-10-10,10.71,11.44,10.22,10.47,,480000.0
2001-10-11,10.95,11.93,10.71,10.95,,633600.0
2001-10-12,11.44,13.14,10.71,12.9,,604800.0
2001-10-15,13.87,16.07,13.14,15.82,,864000.0
2001-10-16,16.31,17.28,15.58,16.55,,409600.0
2001-10-17,17.53,17.53,15.34,17.28,,512000.0
2001-10-18,17.77,18.5,12.41,15.82,,547200.0
2001-10-19,15.82,15.82,13.87,14.36,,259200.0
2001-10-22,14.61,14.85,13.63,14.36,,182400.0
2001-10-23,15.82,16.31,14.61,14.61,,115200.0
2001-10-24,15.58,15.58,13.39,14.12,,147200.0
2001-10-25,14.61,14.61,9.74,9.98,,1984000.0
2001-10-26,11.44,11.68,9.98,11.2,,972800.0
2001-10-29,11.93,12.66,11.2,12.41,,470400.0
2001-10-30,12.9,12.9,11.2,11.93,,649600.0
2001-10-31,12.17,13.39,11.44,13.14,,316800.0
2001-11-01,13.14,13.14,11.68,11.93,,300800.0
2001-11-02,11.68,13.14,11.68,12.66,,172800.0
2001-11-05,13.14,14.12,12.41,13.63,,518400.0
2001-11-06,13.63,15.82,13.63,14.85,,598400.0
2001-11-07,14.85,16.07,14.61,15.58,,534400.0
2001-11-08,16.31,18.26,15.82,16.8,,656000.0
2001-11-09,17.77,18.5,16.31,17.53,,886400.0
2001-11-12,18.01,18.99,17.04,18.26,,588800.0
2001-11-13,18.74,21.91,18.26,21.66,,710400.0
2001-11-14,21.66,27.75,21.42,24.34,,1648000.0
2001-11-15,25.07,26.78,24.1,25.56,,480000.0
2001-11-16,26.78,29.21,25.32,26.78,,492800.0
2001-11-19,28.72,31.4,27.51,31.4,,368000.0
2001-11-20,33.35,35.3,32.62,33.11,,848000.0
2001-11-21,35.3,36.27,29.21,33.84,,416000.0
2001-11-23,32.86,33.11,30.43,32.86,,60800.0
2001-11-26,35.05,35.05,29.21,31.89,,377600.0
2001-11-27,32.62,41.14,32.13,38.95,,1200000.0
2001-11-28,43.82,50.39,40.16,47.22,,1152000.0
2001-11-29,48.68,48.68,37.24,41.38,,921600.0
2001-11-30,42.36,44.06,39.43,40.16,,275200.0
2001-12-03,41.38,42.6,38.95,40.16,,259200.0
2001-12-04,41.38,41.38,34.57,38.95,,499200.0
2001-12-05,38.95,42.36,36.51,38.46,,435200.0
2001-12-06,40.16,40.16,34.32,36.03,,409600.0
2001-12-07,32.37,35.3,30.91,34.32,,499200.0
2001-12-10,34.32,38.95,32.62,38.95,,259200.0
2001-12-11,38.7,41.14,37.73,39.19,,230400.0
2001-12-12,39.92,39.92,37.73,37.73,,99200.0
2001-12-13,38.22,50.63,34.08,47.95,,2032000.0
2001-12-14,50.14,57.93,46.98,48.44,,1174400.0
2001-12-17,50.14,50.39,44.3,46.98,,483200.0
2001-12-18,45.52,48.44,44.3,45.52,,211200.0
2001-12-19,45.28,52.34,43.33,48.93,,400000.0
2001-12-20,48.68,52.34,45.52,48.68,,409600.0
2001-12-21,47.95,48.68,46.25,47.47,,204800.0
2001-12-24,48.68,55.26,47.47,55.26,,451200.0
2001-12-26,58.18,73.03,55.99,71.81,,1500800.0
2001-12-27,72.54,83.25,72.3,82.03,,1926400.0
2001-12-28,83.01,84.71,70.59,77.16,,1651200.0
2001-12-31,76.43,77.89,69.86,70.59,,784000.0
2002-01-02,68.89,71.57,61.34,65.48,,748800.0
2002-01-03,67.43,72.78,66.21,72.3,,665600.0
2002-01-04,80.33,80.33,72.78,76.19,,518400.0
2002-01-07,79.84,81.06,74.24,76.68,,409600.0
2002-01-08,79.11,82.76,70.59,73.03,,825600.0
2002-01-09,73.76,82.52,72.3,82.28,,985600.0
2002-01-10,82.76,85.93,75.7,78.62,,537600.0
2002-01-11,80.33,81.06,75.7,77.41,,576000.0
2002-01-14,76.43,76.68,66.94,69.86,,736000.0
2002-01-15,70.84,72.78,68.16,68.89,,313600.0
2002-01-16,69.37,70.35,62.07,66.21,,473600.0
2002-01-17,64.51,66.94,60.85,61.1,,438400.0
2002-01-18,61.34,61.83,52.58,56.47,,659200.0
2002-01-22,53.55,53.55,49.66,51.12,,678400.0
2002-01-23,49.66,51.61,47.95,50.39,,649600.0
2002-01-24,51.36,57.2,51.36,56.47,,716800.0
2002-01-25,57.69,63.29,56.72,58.91,,713600.0
2002-01-28,61.34,61.34,54.77,56.23,,1068800.0
2002-01-29,57.2,58.42,53.55,55.01,,201600.0
2002-01-30,55.74,56.23,51.12,56.23,,364800.0
2002-01-31,56.47,58.91,55.26,55.74,,249600.0
2002-02-01,56.72,56.96,48.93,51.85,,467200.0
2002-02-04,51.85,52.09,47.95,49.9,,352000.0
2002-02-05,49.17,50.63,44.06,44.79,,636800.0
2002-02-06,44.3,46.25,36.51,38.7,,784000.0
2002-02-07,36.51,37.73,34.08,35.54,,768000.0
2002-02-08,38.22,44.3,37.0,44.3,,768000.0
2002-02-11,46.49,56.47,46.25,54.04,,464000.0
2002-02-12,54.53,54.53,48.93,52.09,,268800.0
2002-02-13,53.31,55.5,52.34,53.07,,220800.0
2002-02-14,54.04,55.99,45.28,49.9,,675200.0
2002-02-15,50.39,51.12,43.82,46.01,,576000.0
2002-02-19,45.03,45.52,38.46,38.95,,460800.0
2002-02-20,38.95,43.33,37.97,37.97,,300800.0
2002-02-21,39.92,40.41,33.59,34.32,,476800.0
2002-02-22,35.54,36.27,34.08,36.27,,243200.0
2002-02-25,36.51,39.92,36.27,38.46,,201600.0
2002-02-26,37.73,38.22,34.57,35.54,,182400.0
2002-02-27,36.27,36.51,32.86,34.08,,291200.0
2002-02-28,34.08,34.32,29.45,30.43,,412800.0
2002-03-01,31.16,32.62,30.43,31.64,,304000.0
2002-03-04,34.08,34.57,25.56,26.29,,723200.0
2002-03-05,27.99,28.72,25.56,26.29,,1257600.0
2002-03-06,26.53,26.53,24.1,25.8,,1238400.0
2002-03-07,29.7,32.62,27.02,30.67,,2105600.0
2002-03-08,31.16,32.13,27.75,28.97,,1155200.0
2002-03-11,29.45,31.64,27.75,31.4,,342400.0
2002-03-12,30.67,35.78,29.94,34.32,,691200.0
2002-03-13,35.05,35.3,31.64,33.35,,336000.0
2002-03-14,33.84,34.08,31.16,32.37,,307200.0
2002-03-15,32.62,32.86,29.21,29.94,,230400.0
2002-03-18,31.89,33.59,30.18,30.91,,304000.0
2002-03-19,31.4,31.4,29.94,30.43,,137600.0
2002-03-20,29.94,30.43,28.48,29.21,,236800.0
2002-03-21,29.94,31.16,28.48,28.97,,211200.0
2002-03-22,30.67,30.67,27.99,28.24,,240000.0
2002-03-25,28.97,30.43,27.99,27.99,,224000.0
2002-03-26,29.21,29.21,27.99,28.72,,246400.0
2002-03-27,29.21,29.7,27.75,28.24,,281600.0
2002-03-28,30.43,30.43,28.24,29.45,,259200.0
2002-04-01,30.18,30.43,27.99,27.99,,467200.0
2002-04-02,28.24,28.48,26.78,27.02,,220800.0
2002-04-03,27.75,27.75,24.34,24.83,,377600.0
2002-04-04,25.32,25.32,22.64,23.86,,1126400.0
2002-04-05,25.07,25.32,23.12,23.37,,473600.0
2002-04-08,23.61,23.61,20.93,21.18,,1881600.0
2002-04-09,24.59,25.07,20.93,21.91,,694400.0
2002-04-10,22.64,23.12,21.42,21.91,,233600.0
2002-04-11,22.39,22.39,19.96,20.69,,457600.0
2002-04-12,22.39,22.64,19.23,19.72,,444800.0
2002-04-15,20.45,20.45,18.74,19.47,,233600.0
2002-04-16,19.72,20.2,18.99,18.99,,425600.0
2002-04-17,18.99,19.96,15.82,16.55,,873600.0
2002-04-18,18.26,20.93,17.53,19.96,,950400.0
2002-04-19,21.18,21.66,19.72,19.96,,726400.0
2002-04-22,20.2,20.93,17.04,17.04,,816000.0
2002-04-23,18.26,19.23,17.04,17.77,,704000.0
2002-04-24,18.99,20.45,16.31,17.77,,896000.0
2002-04-25,18.99,18.99,15.09,15.34,,764800.0
2002-04-26,15.58,17.04,14.85,15.58,,899200.0
2002-04-29,15.58,16.07,11.93,12.17,,1920000.0
2002-04-30,13.39,14.61,13.14,13.87,,1225600.0
2002-05-01,14.36,14.85,13.14,13.39,,710400.0
2002-05-02,14.12,15.09,13.39,14.12,,406400.0
2002-05-03,15.09,15.09,12.9,13.39,,316800.0
2002-05-06,14.85,14.85,13.63,14.36,,480000.0
2002-05-07,14.36,14.61,12.9,13.39,,371200.0
2002-05-08,14.61,14.61,11.93,12.17,,752000.0
2002-05-09,12.66,13.87,12.17,13.14,,451200.0
2002-05-10,12.66,13.39,11.93,12.17,,624000.0
2002-05-13,12.41,12.66,11.2,11.44,,531200.0
2002-05-14,12.17,12.17,10.71,10.95,,1200000.0
2002-05-15,11.44,13.14,9.74,12.17,,1718400.0
2002-05-16,12.9,12.9,11.68,11.93,,393600.0
2002-05-17,12.17,12.17,11.44,12.17,,310400.0
2002-05-20,12.41,12.66,11.68,12.17,,272000.0
2002-05-21,12.41,12.41,11.68,11.93,,128000.0
2002-05-22,11.93,12.41,11.2,11.68,,358400.0
2002-05-23,12.17,12.17,11.44,11.93,,140800.0
2002-05-24,12.17,13.14,11.44,11.93,,211200.0
2002-05-28,12.17,12.17,9.49,10.22,,1664000.0
2002-05-29,10.47,10.95,8.28,9.25,,1641600.0
2002-05-30,9.49,9.98,8.52,9.98,,1033600.0
2002-05-31,9.74,11.68,9.25,11.2,,630400.0
2002-06-03,11.68,11.93,10.47,10.95,,489600.0
2002-06-04,11.68,11.93,11.2,11.93,,240000.0
2002-06-05,12.17,12.41,11.2,12.17,,208000.0
2002-06-06,11.93,11.93,10.71,10.71,,310400.0
2002-06-07,10.95,11.93,9.98,11.2,,201600.0
2002-06-10,11.68,11.93,10.95,10.95,,182400.0
2002-06-11,10.95,11.2,9.98,10.22,,243200.0
2002-06-12,10.22,10.95,9.49,10.22,,326400.0
2002-06-13,10.71,10.71,9.74,10.22,,172800.0
2002-06-14,10.71,10.71,9.49,9.98,,176000.0
2002-06-17,10.71,11.2,9.98,10.22,,76800.0
2002-06-18,10.95,10.95,9.98,9.98,,387200.0
2002-06-19,10.22,10.71,9.74,9.74,,176000.0
2002-06-20,9.74,10.22,8.76,9.49,,547200.0
2002-06-21,9.01,9.74,8.52,9.25,,416000.0
2002-06-24,9.25,9.25,7.55,9.01,,406400.0
2002-06-25,9.01,9.74,8.52,8.76,,211200.0
2002-06-26,8.03,8.76,7.79,8.76,,307200.0
2002-06-27,8.28,8.76,8.03,8.76,,108800.0
2002-06-28,8.28,9.01,8.28,8.52,,131200.0
2002-07-01,8.76,8.76,8.03,8.28,,118400.0
2002-07-02,8.52,8.76,7.79,7.79,,316800.0
2002-07-03,8.28,8.76,7.55,8.28,,188800.0
2002-07-05,8.52,9.25,8.03,8.76,,54400.0
2002-07-08,10.22,10.47,9.49,9.98,,326400.0
2002-07-09,9.98,10.22,9.25,9.98,,201600.0
2002-07-10,9.98,10.22,9.25,10.22,,102400.0
2002-07-11,9.49,9.98,8.76,9.49,,160000.0
2002-07-12,9.49,9.74,9.01,9.49,,240000.0
2002-07-15,9.74,10.22,9.01,9.49,,179200.0
2002-07-16,10.22,10.22,9.49,9.74,,198400.0
2002-07-17,10.22,11.93,9.98,11.93,,339200.0
2002-07-18,11.93,15.58,11.93,14.12,,928000.0
2002-07-19,14.85,15.09,11.93,11.93,,480000.0
2002-07-22,12.41,13.14,10.71,10.71,,320000.0
2002-07-23,11.2,12.17,9.98,11.2,,323200.0
2002-07-24,11.44,11.44,10.47,10.95,,163200.0
2002-07-25,10.71,11.44,10.47,10.95,,182400.0
2002-07-26,10.22,10.95,9.25,9.49,,390400.0
2002-07-29,9.74,10.47,9.25,9.74,,227200.0
2002-07-30,10.47,10.95,9.74,10.47,,172800.0
2002-07-31,10.71,12.17,9.74,11.68,,265600.0
2002-08-01,11.68,11.93,10.22,11.44,,214400.0
2002-08-02,11.68,11.93,10.95,11.2,,115200.0
2002-08-05,11.44,11.93,10.22,10.71,,240000.0
2002-08-06,10.47,10.95,9.74,10.95,,89600.0
2002-08-07,10.47,12.17,10.22,11.93,,172800.0
2002-08-08,11.2,12.9,11.2,12.66,,304000.0
2002-08-09,9.74,10.22,8.52,9.01,,803200.0
2002-08-12,9.25,9.74,8.76,9.01,,246400.0
2002-08-13,9.25,12.9,8.52,11.2,,1036800.0
2002-08-14,11.44,11.44,9.49,9.74,,544000.0
2002-08-15,9.74,9.98,9.01,9.25,,380800.0
2002-08-16,8.76,9.49,8.76,9.25,,441600.0
2002-08-19,9.25,10.47,9.25,9.98,,403200.0
2002-08-20,10.47,10.47,9.25,9.74,,124800.0
2002-08-21,9.98,9.98,9.25,9.49,,124800.0
2002-08-22,9.01,9.25,8.52,8.76,,508800.0
2002-08-23,9.01,9.25,8.52,9.01,,188800.0
2002-08-26,9.01,9.25,8.52,8.76,,131200.0
2002-08-27,8.52,9.01,8.28,8.52,,240000.0
2002-08-28,8.52,8.52,7.3,7.79,,486400.0
2002-08-29,7.55,7.55,7.06,7.3,,323200.0
2002-08-30,7.55,7.55,6.82,7.55,,502400.0
2002-09-03,7.3,7.3,6.33,6.57,,150400.0
2002-09-04,6.57,9.74,6.57,8.03,,294400.0
2002-09-05,8.03,8.28,7.3,7.79,,393600.0
2002-09-06,7.3,8.03,7.3,7.55,,64000.0
2002-09-09,7.55,7.79,6.82,7.06,,83200.0
2002-09-10,7.3,7.3,6.57,6.82,,105600.0
2002-09-11,7.06,7.06,6.09,6.33,,512000.0
2002-09-12,6.33,6.33,4.62,5.36,,649600.0
2002-09-13,5.6,5.84,4.87,5.11,,368000.0
2002-09-16,5.36,5.36,4.87,5.36,,144000.0
2002-09-17,5.11,5.84,4.87,5.11,,284800.0
2002-09-18,5.6,8.28,5.36,6.57,,1276800.0
2002-09-19,7.06,7.3,6.09,6.09,,227200.0
2002-09-20,6.57,7.06,6.09,6.57,,265600.0
2002-09-23,6.57,6.57,5.6,6.09,,364800.0
2002-09-24,5.84,6.09,4.87,5.84,,438400.0
2002-09-25,5.84,5.84,5.36,5.84,,137600.0
2002-09-26,5.36,6.33,5.11,6.09,,185600.0
2002-09-27,6.09,8.28,6.09,8.03,,723200.0
2002-09-30,7.55,8.52,6.09,8.28,,371200.0
2002-10-01,7.79,9.01,7.79,8.76,,368000.0
2002-10-02,9.98,11.2,8.52,8.76,,1459200.0
2002-10-03,8.76,8.76,7.3,7.3,,284800.0
2002-10-04,7.3,7.55,6.57,7.06,,486400.0
2002-10-07,6.57,7.06,5.84,6.09,,483200.0
2002-10-08,5.84,6.33,5.36,5.36,,508800.0
2002-10-09,5.6,5.84,5.36,5.36,,275200.0
2002-10-10,5.11,5.36,5.11,5.36,,419200.0
2002-10-11,5.36,5.36,5.11,5.36,,150400.0
2002-10-14,5.84,6.09,5.36,6.09,,304000.0
2002-10-15,6.57,6.57,5.36,5.6,,275200.0
2002-10-16,5.6,5.84,5.11,5.36,,355200.0
2002-10-17,5.36,5.84,5.36,5.36,,579200.0
2002-10-18,5.6,5.84,5.36,5.36,,425600.0
2002-10-21,5.6,5.6,5.11,5.36,,96000.0
2002-10-22,5.36,5.84,5.36,5.6,,160000.0
2002-10-23,5.6,6.09,5.6,5.6,,114700.0
2002-10-24,5.84,6.09,5.6,5.6,,352100.0
2002-10-25,5.6,6.57,5.6,5.84,,556800.0
2002-10-28,6.57,6.57,5.84,6.33,,268800.0
2002-10-29,7.3,8.28,7.06,7.3,,4492800.0
2002-10-30,7.06,7.55,6.09,6.82,,931200.0
2002-10-31,6.57,7.06,6.33,6.82,,291200.0
2002-11-01,6.57,6.82,6.09,6.33,,396800.0
2002-11-04,6.57,7.79,6.33,7.55,,1414400.0
2002-11-05,7.3,8.76,7.3,8.03,,1363200.0
2002-11-06,7.55,7.55,6.33,7.3,,1068800.0
2002-11-07,6.82,7.06,6.57,6.57,,348800.0
2002-11-08,6.57,7.06,6.57,7.06,,300800.0
2002-11-11,6.57,7.06,6.33,6.57,,339200.0
2002-11-12,6.82,6.82,6.33,6.33,,188800.0
2002-11-13,6.82,6.82,6.33,6.33,,313600.0
2002-11-14,6.33,6.82,6.33,6.82,,478200.0
2002-11-15,6.57,6.82,6.33,6.82,,329600.0
2002-11-18,6.57,7.06,6.33,6.57,,339200.0
2002-11-19,6.33,6.57,6.33,6.33,,467200.0
2002-11-20,6.57,6.57,6.33,6.57,,137600.0
2002-11-21,6.57,7.79,6.33,7.3,,1308800.0
2002-11-22,7.06,7.55,6.57,6.82,,528000.0
2002-11-25,7.3,9.25,7.3,8.28,,4992000.0
2002-11-26,9.25,9.74,8.28,8.76,,4358400.0
2002-11-27,8.52,9.01,8.28,8.52,,1075200.0
2002-11-29,8.76,9.49,8.52,8.52,,729600.0
2002-12-02,8.76,9.01,7.55,7.79,,764800.0
2002-12-03,7.79,8.03,7.55,7.55,,332800.0
2002-12-04,7.55,7.79,6.82,7.06,,777600.0
2002-12-05,6.82,7.3,6.57,7.06,,284800.0
2002-12-06,7.3,7.3,6.82,6.82,,291200.0
2002-12-09,7.06,7.06,6.57,6.82,,441600.0
2002-12-10,7.3,7.3,6.82,7.06,,492800.0
2002-12-11,7.06,7.06,6.57,6.57,,598400.0
2002-12-12,6.33,6.57,6.09,6.33,,636800.0
2002-12-13,6.33,6.33,5.6,5.84,,896000.0
2002-12-16,5.84,6.33,5.6,6.09,,211200.0
2002-12-17,6.09,6.33,5.84,6.09,,412800.0
2002-12-18,6.09,6.33,5.84,5.84,,214400.0
2002-12-19,5.84,6.33,5.6,5.84,,412800.0
2002-12-20,5.84,6.33,5.6,6.09,,604800.0
2002-12-23,6.09,6.33,5.36,5.6,,1238400.0
2002-12-24,5.6,5.84,5.36,5.6,,112000.0
2002-12-26,5.36,5.6,5.11,5.36,,864000.0
2002-12-27,5.36,5.6,4.87,5.36,,307200.0
2002-12-30,5.36,5.36,4.87,5.11,,572800.0
2002-12-31,4.94,4.94,4.26,4.34,,22800.0
2003-01-02,4.38,4.38,3.79,3.99,,30900.0
2003-01-03,4.01,4.01,3.8,3.86,,46600.0
2003-01-06,4.18,4.56,3.99,4.29,,113400.0
2003-01-07,4.37,6.05,4.2,5.86,,120200.0
2003-01-08,5.86,5.88,5.27,5.32,,70200.0
2003-01-09,5.59,5.59,5.34,5.38,,10900.0
2003-01-10,5.32,5.42,5.13,5.2,,12000.0
2003-01-13,5.21,5.4,5.13,5.4,,12600.0
2003-01-14,5.15,5.29,4.77,4.92,,22600.0
2003-01-15,4.93,4.93,4.55,4.66,,21100.0
2003-01-16,5.22,5.29,4.57,4.62,,18600.0
2003-01-17,4.63,4.64,3.96,4.08,,32300.0
2003-01-21,4.06,4.17,3.73,3.73,,59400.0
2003-01-22,3.8,3.8,3.41,3.42,,55100.0
2003-01-23,3.5,3.52,3.14,3.14,,56800.0
2003-01-24,3.29,3.29,2.95,2.95,,68200.0
2003-01-27,3.0,3.04,2.4,2.4,,79500.0
2003-01-28,2.47,2.8,1.52,2.8,,145500.0
2003-01-29,2.62,2.81,2.44,2.5,,18700.0
2003-01-30,2.55,2.56,2.3,2.33,,6700.0
2003-01-31,2.36,2.66,2.36,2.66,,14200.0
2003-02-03,2.37,2.59,2.28,2.46,,100700.0
2003-02-04,2.42,2.68,2.42,2.55,,9400.0
2003-02-05,2.63,3.42,2.63,3.15,,59600.0
2003-02-06,3.15,3.19,2.82,2.86,,49900.0
2003-02-07,2.94,3.01,2.85,2.85,,16600.0
2003-02-10,2.86,2.88,2.76,2.81,,25500.0
2003-02-11,2.78,3.08,2.78,3.08,,52600.0
2003-02-12,3.04,3.11,2.94,2.94,,9200.0
2003-02-13,2.94,3.06,2.94,3.04,,11800.0
2003-02-14,3.09,3.09,2.97,2.97,,7900.0
2003-02-18,2.94,2.99,2.94,2.99,,26300.0
2003-02-19,3.0,3.11,2.96,2.97,,63300.0
2003-02-20,3.0,3.07,2.95,3.03,,17400.0
2003-02-21,2.99,3.0,2.94,2.94,,13900.0
2003-02-24,2.95,3.09,2.94,2.94,,37600.0
2003-02-25,2.96,2.96,2.81,2.81,,16500.0
2003-02-26,2.86,2.88,2.67,2.72,,19300.0
2003-02-27,2.73,2.73,2.59,2.59,,15500.0
2003-02-28,2.56,2.78,2.56,2.62,,56900.0
2003-03-03,2.6,2.72,2.59,2.59,,54300.0
2003-03-04,2.66,3.01,2.59,3.01,,87600.0
2003-03-05,3.05,3.05,2.36,2.56,,68900.0
2003-03-06,2.47,2.62,2.47,2.47,,60200.0
2003-03-07,2.5,2.53,2.36,2.37,,47700.0
2003-03-10,2.39,2.64,2.38,2.53,,67300.0
2003-03-11,2.6,2.74,2.59,2.62,,43100.0
2003-03-12,2.62,2.74,2.62,2.69,,8300.0
2003-03-13,2.62,2.92,2.62,2.91,,16000.0
2003-03-14,2.81,2.84,2.81,2.84,,2300.0
2003-03-17,2.84,3.33,2.75,3.06,,112000.0
2003-03-18,2.97,3.12,2.97,3.07,,28200.0
2003-03-19,2.99,3.17,2.99,3.06,,12800.0
2003-03-20,3.05,3.08,2.9,3.04,,32500.0
2003-03-21,3.04,3.04,2.85,2.94,,11800.0
2003-03-24,2.89,2.89,2.68,2.74,,35000.0
2003-03-25,2.75,3.0,2.69,2.69,,45500.0
2003-03-26,2.74,2.75,2.42,2.43,,38400.0
2003-03-27,2.66,2.66,2.17,2.36,,78500.0
2003-03-28,2.29,2.3,2.24,2.3,,47600.0
2003-03-31,2.32,2.32,2.24,2.24,,21400.0
2003-04-01,2.31,2.34,2.24,2.25,,19700.0
2003-04-02,2.28,2.28,2.17,2.27,,30600.0
2003-04-03,2.26,2.52,2.24,2.34,,126000.0
2003-04-04,2.5,2.61,2.21,2.39,,114500.0
2003-04-07,2.57,2.57,2.35,2.36,,53300.0
2003-04-08,2.4,2.41,2.21,2.24,,21600.0
2003-04-09,2.23,2.36,2.23,2.28,,10100.0
2003-04-10,2.24,2.36,2.21,2.21,,13500.0
2003-04-11,2.25,2.29,2.21,2.24,,6200.0
2003-04-14,2.31,2.36,2.28,2.3,,21800.0
2003-04-15,2.27,2.47,2.27,2.47,,10900.0
2003-04-16,2.4,2.43,2.28,2.28,,168200.0
2003-04-17,2.28,2.37,2.28,2.28,,9700.0
2003-04-21,2.43,2.46,2.3,2.44,,15400.0
2003-04-22,2.4,2.47,2.36,2.43,,24400.0
2003-04-23,2.4,2.43,2.36,2.41,,11100.0
2003-04-24,2.37,2.4,2.36,2.36,,2800.0
2003-04-25,2.36,2.43,2.36,2.43,,7400.0
2003-04-28,2.36,2.43,2.36,2.43,,11800.0
2003-04-29,2.39,2.46,2.37,2.4,,7700.0
2003-04-30,2.45,2.55,2.43,2.47,,87300.0
2003-05-01,2.51,2.59,2.51,2.58,,24700.0
2003-05-02,2.6,3.09,2.6,3.08,,42300.0
2003-05-05,2.96,4.12,2.96,4.09,,142400.0
2003-05-06,4.09,4.41,3.61,3.8,,134900.0
2003-05-07,3.69,3.78,3.23,3.42,,62000.0
2003-05-08,3.46,3.51,3.12,3.12,,72300.0
2003-05-09,3.12,3.27,2.84,3.19,,154700.0
2003-05-12,3.19,3.5,3.19,3.48,,40800.0
2003-05-13,3.5,3.6,3.28,3.5,,29800.0
2003-05-14,3.48,4.21,3.31,3.99,,221700.0
2003-05-15,3.96,4.13,3.85,4.01,,89400.0
2003-05-16,4.36,4.53,3.88,4.34,,92800.0
2003-05-19,4.08,4.25,3.8,3.99,,54500.0
2003-05-20,4.02,4.26,3.93,4.18,,210500.0
2003-05-21,4.18,4.27,4.06,4.18,,78500.0
2003-05-22,4.26,4.42,4.11,4.4,,93100.0
2003-05-23,4.41,5.13,4.38,4.72,,212800.0
2003-05-27,4.93,5.82,4.86,5.77,,201800.0
2003-05-28,5.77,6.85,5.41,6.31,,266800.0
2003-05-29,6.43,6.56,6.24,6.36,,145600.0
2003-05-30,6.24,6.51,6.1,6.33,,112500.0
2003-06-02,6.32,6.69,6.32,6.46,,72200.0
2003-06-03,6.34,6.56,6.33,6.35,,22600.0
2003-06-04,6.35,6.46,5.75,5.91,,73500.0
2003-06-05,5.93,6.25,5.83,6.12,,42100.0
2003-06-06,6.12,6.98,5.98,6.16,,41400.0
2003-06-09,6.09,6.65,5.6,5.93,,93200.0
2003-06-10,5.67,5.93,5.63,5.85,,31100.0
2003-06-11,5.85,6.47,5.71,6.39,,45400.0
2003-06-12,6.47,6.58,6.32,6.47,,11800.0
2003-06-13,6.46,6.47,6.12,6.26,,27200.0
2003-06-16,6.26,6.62,6.17,6.4,,17700.0
2003-06-17,6.66,6.89,6.54,6.73,,49600.0
2003-06-18,6.75,7.45,6.73,7.07,,69700.0
2003-06-19,7.22,7.22,6.6,6.77,,51200.0
2003-06-20,6.95,6.95,6.6,6.88,,38600.0
2003-06-23,6.95,7.37,6.95,7.3,,110500.0
2003-06-24,7.42,7.95,7.34,7.75,,110100.0
2003-06-25,7.81,8.09,7.76,7.91,,76200.0
2003-06-26,7.69,8.12,6.77,6.92,,92800.0
2003-06-27,7.27,7.58,6.43,6.69,,139900.0
2003-06-30,6.85,6.85,5.79,5.97,,171400.0
2003-07-01,5.79,6.24,5.71,6.11,,62700.0
2003-07-02,6.09,6.74,6.09,6.66,,45100.0
2003-07-03,6.58,6.69,6.4,6.66,,16300.0
2003-07-07,6.69,7.2,6.54,6.86,,52400.0
2003-07-08,7.17,7.23,6.91,7.23,,26300.0
2003-07-09,7.23,7.76,7.13,7.68,,45600.0
2003-07-10,7.61,7.61,7.32,7.61,,21800.0
2003-07-11,7.61,7.84,7.49,7.83,,39700.0
2003-07-14,7.68,8.01,7.68,7.84,,36600.0
2003-07-15,7.77,8.01,7.77,8.01,,45100.0
2003-07-16,7.99,9.81,7.94,9.74,,224600.0
2003-07-17,9.38,9.89,8.81,9.85,,118900.0
2003-07-18,9.85,10.27,9.74,9.8,,117600.0
2003-07-21,9.8,9.89,9.32,9.55,,52200.0
2003-07-22,9.32,10.42,9.32,10.33,,56400.0
2003-07-23,10.42,13.35,10.28,13.32,,203600.0
2003-07-24,13.45,15.4,12.81,14.67,,271000.0
2003-07-25,14.45,14.76,13.81,14.45,,141200.0
2003-07-28,14.15,15.21,13.88,15.2,,80500.0
2003-07-29,15.28,15.29,13.82,14.26,,66000.0
2003-07-30,14.81,15.18,13.76,14.76,,122000.0
2003-07-31,15.21,15.4,14.07,14.49,,108900.0
2003-08-01,13.5,13.69,11.03,11.11,,346900.0
2003-08-04,11.33,13.11,11.33,12.85,,228600.0
2003-08-05,12.54,13.26,11.9,12.1,,129000.0
2003-08-06,12.15,12.29,11.11,11.41,,95900.0
2003-08-07,11.41,11.49,9.89,10.03,,149900.0
2003-08-08,9.64,10.53,9.13,9.81,,193900.0
2003-08-11,9.87,11.27,9.81,11.07,,73200.0
2003-08-12,11.28,11.28,10.61,10.61,,51100.0
2003-08-13,10.67,10.67,10.2,10.44,,50700.0
2003-08-14,10.37,10.47,9.95,10.27,,35700.0
2003-08-15,10.29,11.07,10.22,10.73,,19500.0
2003-08-18,10.92,12.25,10.73,12.09,,166300.0
2003-08-19,12.11,12.17,11.54,12.0,,30100.0
2003-08-20,11.9,12.92,11.87,12.89,,92500.0
2003-08-21,12.91,13.81,12.9,13.45,,105700.0
2003-08-22,13.27,13.69,13.03,13.07,,126200.0
2003-08-25,13.43,14.07,13.39,13.78,,179900.0
2003-08-26,13.6,13.69,13.06,13.43,,24300.0
2003-08-27,13.38,14.25,13.38,14.11,,104600.0
2003-08-28,14.26,14.26,13.69,13.84,,48100.0
2003-08-29,13.78,14.11,13.31,14.1,,48400.0
2003-09-02,13.69,14.61,13.31,14.61,,90600.0
2003-09-03,14.11,15.43,13.9,14.09,,199400.0
2003-09-04,14.13,15.21,13.9,14.99,,101900.0
2003-09-05,15.02,15.18,14.93,14.99,,62800.0
2003-09-08,14.25,14.92,14.07,14.74,,102400.0
2003-09-09,14.83,14.84,14.3,14.49,,116900.0
2003-09-10,14.61,14.89,14.33,14.49,,127600.0
2003-09-11,14.44,14.8,14.38,14.48,,45200.0
2003-09-12,14.45,14.67,14.39,14.64,,31000.0
2003-09-15,13.75,14.68,13.7,14.55,,73300.0
2003-09-16,14.29,14.64,14.29,14.63,,27500.0
2003-09-17,14.45,14.83,14.45,14.57,,57100.0
2003-09-18,14.34,15.21,14.34,15.09,,67100.0
2003-09-19,15.52,17.22,15.44,16.74,,477700.0
2003-09-22,16.54,17.94,16.54,17.78,,300300.0
2003-09-23,17.99,17.99,17.12,17.69,,107800.0
2003-09-24,17.82,17.82,16.51,16.52,,88800.0
2003-09-25,17.38,17.4,15.59,15.84,,158400.0
2003-09-26,16.06,16.06,13.51,14.42,,224300.0
2003-09-29,14.11,14.57,13.96,14.32,,78300.0
2003-09-30,14.16,14.53,14.03,14.18,,96800.0
2003-10-01,13.96,14.37,13.69,13.69,,90800.0
2003-10-02,13.69,14.45,13.54,13.56,,49800.0
2003-10-03,14.3,15.05,14.07,14.8,,92800.0
2003-10-06,14.91,15.57,14.42,15.13,,131700.0
2003-10-07,14.61,15.33,14.61,15.16,,37100.0
2003-10-08,15.29,15.33,14.73,15.0,,37100.0
2003-10-09,15.0,15.44,14.97,15.33,,82600.0
2003-10-10,15.33,15.35,15.11,15.11,,41200.0
2003-10-13,15.29,15.78,15.14,15.21,,44600.0
2003-10-14,15.32,15.37,14.45,14.61,,44600.0
2003-10-15,14.42,14.45,13.74,14.28,,61900.0
2003-10-16,14.61,14.81,14.39,14.73,,24900.0
2003-10-17,14.45,14.63,13.39,14.07,,57800.0
2003-10-20,13.71,14.25,13.71,14.16,,38100.0
2003-10-21,14.26,14.82,14.26,14.8,,32400.0
2003-10-22,15.09,15.18,14.12,14.19,,26400.0
2003-10-23,14.0,14.54,13.69,14.54,,32300.0
2003-10-24,14.41,15.21,14.3,15.21,,64900.0
2003-10-27,15.14,15.29,14.83,15.07,,46400.0
2003-10-28,15.06,15.14,14.12,14.37,,78100.0
2003-10-29,14.16,14.75,14.16,14.31,,22500.0
2003-10-30,14.4,14.53,13.78,14.07,,58200.0
2003-10-31,13.93,14.29,13.81,13.84,,33800.0
2003-11-03,13.84,14.38,13.69,14.34,,70000.0
2003-11-04,14.37,14.37,13.39,13.87,,47700.0
2003-11-05,13.87,13.87,12.83,12.96,,98000.0
2003-11-06,13.2,13.52,12.78,13.52,,199800.0
2003-11-07,13.54,14.5,13.46,14.45,,179200.0
2003-11-10,14.27,14.97,14.27,14.81,,91700.0
2003-11-11,14.56,14.96,14.53,14.96,,33200.0
2003-11-12,14.99,15.02,14.64,15.01,,41900.0
2003-11-13,14.91,15.12,14.76,15.06,,56000.0
2003-11-14,14.99,15.4,14.83,15.33,,138300.0
2003-11-17,15.21,16.35,15.02,16.28,,475600.0
2003-11-18,16.58,17.42,16.51,17.19,,2455900.0
2003-11-19,16.98,17.5,16.71,16.85,,251900.0
2003-11-20,16.62,17.11,16.43,16.93,,483400.0
2003-11-21,17.05,17.1,16.74,17.0,,238900.0
2003-11-24,16.96,19.27,16.96,18.64,,554600.0
2003-11-25,18.52,21.15,18.52,19.38,,478700.0
2003-11-26,19.45,20.2,19.45,19.82,,124500.0
2003-11-28,19.85,20.45,19.77,20.32,,22200.0
2003-12-01,20.2,21.6,20.2,20.84,,269300.0
2003-12-02,21.18,22.11,20.84,21.46,,265700.0
2003-12-03,21.5,22.15,20.93,20.93,,171400.0
2003-12-04,20.99,20.99,19.03,19.61,,210900.0
2003-12-05,19.37,19.78,18.76,18.9,,103800.0
2003-12-08,19.12,20.63,18.96,20.46,,160100.0
2003-12-09,20.86,21.3,20.01,20.19,,146200.0
2003-12-10,20.64,20.84,19.42,19.78,,69600.0
2003-12-11,19.58,20.32,18.3,20.15,,97400.0
2003-12-12,20.5,22.17,19.98,20.87,,100400.0
2003-12-15,21.76,21.82,20.08,20.67,,158500.0
2003-12-16,20.52,20.84,19.37,19.81,,126300.0
2003-12-17,19.81,20.68,19.49,20.05,,88200.0
2003-12-18,20.22,21.45,19.88,20.61,,176500.0
2003-12-19,20.67,20.96,20.32,20.9,,80400.0
2003-12-22,20.59,20.69,19.79,20.38,,65000.0
2003-12-23,20.37,20.58,19.44,19.86,,161500.0
2003-12-24,20.08,20.54,20.08,20.54,,29200.0
2003-12-26,20.61,20.92,20.25,20.72,,35000.0
2003-12-29,21.18,21.67,20.36,21.49,,107500.0
2003-12-30,21.5,22.04,21.0,21.25,,91300.0
2003-12-31,21.4,21.6,20.99,21.46,,42200.0
2004-01-02,21.54,22.27,21.45,21.93,,201900.0
2004-01-05,22.05,22.42,21.72,22.06,,154400.0
2004-01-06,22.07,22.67,21.76,21.99,,165200.0
2004-01-07,22.06,22.47,21.86,22.36,,64500.0
2004-01-08,22.52,23.66,22.16,23.54,,117200.0
2004-01-09,23.47,28.56,23.32,28.05,,870500.0
2004-01-12,27.51,28.15,24.67,26.73,,671000.0
2004-01-13,26.84,26.84,25.48,25.86,,149600.0
2004-01-14,25.48,27.8,25.48,27.23,,272600.0
2004-01-15,27.38,27.38,26.65,27.1,,93400.0
2004-01-16,27.1,27.77,26.65,27.48,,81700.0
2004-01-20,27.38,28.15,25.55,27.72,,242700.0
2004-01-21,26.75,27.57,26.74,27.06,,68200.0
2004-01-22,27.22,27.22,24.85,25.86,,329900.0
2004-01-23,25.7,26.32,25.33,25.37,,65900.0
2004-01-26,25.37,27.0,25.37,26.55,,149000.0
2004-01-27,26.85,26.85,25.82,25.99,,97700.0
2004-01-28,26.36,27.5,26.1,26.14,,151400.0
2004-01-29,26.15,26.23,25.09,25.86,,221300.0
2004-01-30,25.67,25.86,24.43,25.03,,267600.0
2004-02-02,24.72,25.29,24.04,24.36,,194100.0
2004-02-03,24.17,25.56,24.17,24.35,,155400.0
2004-02-04,24.49,25.42,23.22,24.8,,130600.0
2004-02-05,23.28,23.43,21.92,22.44,,1511300.0
2004-02-06,22.58,23.13,21.6,22.48,,1640500.0
2004-02-09,22.63,23.37,22.45,22.84,,419500.0
2004-02-10,22.75,23.26,22.69,23.14,,207900.0
2004-02-11,23.2,23.7,23.08,23.59,,193700.0
2004-02-12,23.66,23.73,23.14,23.2,,118700.0
2004-02-13,23.39,23.51,22.32,22.82,,123900.0
2004-02-17,23.09,23.16,22.7,22.83,,118600.0
2004-02-18,22.74,23.0,22.63,22.78,,127400.0
2004-02-19,23.03,23.03,21.95,21.96,,118300.0
2004-02-20,21.9,22.04,20.92,21.35,,366100.0
2004-02-23,21.35,21.46,19.82,20.15,,190200.0
2004-02-24,19.79,20.61,18.44,20.39,,296900.0
2004-02-25,20.47,21.22,20.26,21.03,,120900.0
2004-02-26,21.02,21.3,20.78,21.09,,73400.0
2004-02-27,21.47,21.98,21.44,21.67,,109000.0
2004-03-01,21.97,22.44,21.11,22.25,,191100.0
2004-03-02,22.46,22.46,21.78,21.95,,146700.0
2004-03-03,21.82,22.06,21.69,21.83,,74900.0
2004-03-04,21.83,23.03,21.83,22.9,,324600.0
2004-03-05,23.0,25.38,22.89,24.76,,479400.0
2004-03-08,24.8,25.06,23.81,24.39,,393700.0
2004-03-09,24.34,24.72,24.22,24.33,,213800.0
2004-03-10,25.02,25.31,23.9,24.15,,361400.0
2004-03-11,24.37,24.79,23.79,24.05,,198900.0
2004-03-12,24.27,26.05,23.78,25.25,,206400.0
2004-03-15,25.25,25.25,23.81,23.92,,149500.0
2004-03-16,23.98,24.36,22.27,22.67,,399700.0
2004-03-17,22.6,23.88,22.6,23.57,,221200.0
2004-03-18,23.55,24.1,23.13,23.57,,106900.0
2004-03-19,23.6,23.89,23.44,23.58,,68900.0
2004-03-22,23.86,23.86,23.18,23.65,,192100.0
2004-03-23,23.77,24.11,23.28,23.6,,123500.0
2004-03-24,23.57,24.43,23.51,24.13,,93900.0
2004-03-25,24.22,25.86,23.97,25.76,,324700.0
2004-03-26,25.67,26.6,25.29,25.81,,288500.0
2004-03-29,26.11,27.35,25.49,27.03,,312300.0
2004-03-30,27.14,27.9,26.46,27.76,,146900.0
2004-03-31,27.39,28.14,27.38,27.56,,126400.0
2004-04-01,27.46,27.87,26.78,27.26,,149000.0
2004-04-02,26.99,27.57,26.99,27.0,,318500.0
2004-04-05,26.78,27.03,25.63,25.63,,274700.0
2004-04-06,25.63,25.84,24.68,25.14,,438200.0
2004-04-07,24.98,25.11,23.89,24.37,,352800.0
2004-04-08,24.43,26.09,24.35,25.86,,151100.0
2004-04-12,25.86,26.24,25.22,25.67,,83700.0
2004-04-13,25.8,25.8,24.72,25.0,,136700.0
2004-04-14,24.89,24.89,23.95,24.16,,112500.0
2004-04-15,24.46,24.73,23.96,24.02,,283300.0
2004-04-16,23.96,24.27,23.2,23.2,,278200.0
2004-04-19,23.12,23.24,22.52,22.81,,134600.0
2004-04-20,22.74,23.2,21.55,21.76,,348800.0
2004-04-21,21.86,23.12,21.63,23.11,,186200.0
2004-04-22,23.24,25.09,23.05,23.96,,200700.0
2004-04-23,23.59,24.96,23.24,24.8,,323600.0
2004-04-26,24.94,24.95,23.63,24.53,,167400.0
2004-04-27,24.54,24.65,23.86,23.98,,127900.0
2004-04-28,24.24,24.24,22.79,22.84,,127900.0
2004-04-29,23.17,23.35,22.58,23.09,,220700.0
2004-04-30,23.08,23.19,21.57,22.2,,163500.0
2004-05-03,22.32,23.95,22.32,23.81,,216300.0
2004-05-04,23.95,23.95,22.75,22.82,,169400.0
2004-05-05,23.09,23.15,22.63,22.93,,165800.0
2004-05-06,22.87,22.92,22.01,22.92,,120500.0
2004-05-07,22.89,23.47,22.52,22.9,,94900.0
2004-05-10,22.82,22.82,21.58,21.64,,174600.0
2004-05-11,21.76,22.62,21.76,22.14,,49100.0
2004-05-12,21.86,22.43,20.76,22.09,,166600.0
2004-05-13,21.76,22.45,21.66,22.31,,198000.0
2004-05-14,22.23,22.23,21.31,21.53,,186100.0
2004-05-17,21.3,21.33,20.74,21.19,,107400.0
2004-05-18,21.19,21.62,21.15,21.4,,239700.0
2004-05-19,21.33,22.62,21.33,21.77,,83200.0
2004-05-20,21.68,22.27,21.65,22.01,,82900.0
2004-05-21,22.25,22.44,21.76,22.37,,77400.0
2004-05-24,22.52,23.23,22.4,23.01,,217800.0
2004-05-25,23.08,24.45,22.8,24.4,,160300.0
2004-05-26,24.33,24.7,24.24,24.41,,60700.0
2004-05-27,24.35,24.72,23.79,23.98,,47800.0
2004-05-28,23.88,24.11,23.19,24.0,,55800.0
2004-06-01,24.08,24.8,23.03,24.53,,186900.0
2004-06-02,24.78,24.78,23.75,23.79,,57800.0
2004-06-03,23.92,23.92,22.82,23.38,,67300.0
2004-06-04,23.84,24.21,22.91,24.2,,119200.0
2004-06-07,24.09,24.23,23.41,24.23,,65500.0
2004-06-08,24.12,24.4,23.59,24.21,,57700.0
2004-06-09,24.18,24.18,23.63,23.66,,32400.0
2004-06-10,23.67,24.38,23.56,24.29,,159900.0
2004-06-14,23.74,24.11,23.32,23.4,,182000.0
2004-06-15,23.47,24.24,23.47,23.99,,227300.0
2004-06-16,23.61,24.38,23.61,24.34,,129900.0
2004-06-17,23.92,24.31,23.92,24.19,,49000.0
2004-06-18,23.96,24.72,23.96,24.34,,178100.0
2004-06-21,24.23,25.1,24.23,24.72,,176400.0
2004-06-22,24.87,25.09,24.4,24.91,,65100.0
2004-06-23,24.57,25.89,24.57,25.86,,220500.0
2004-06-24,25.6,25.89,24.91,25.13,,127800.0
2004-06-25,24.91,25.64,23.99,25.62,,627600.0
2004-06-28,25.52,25.7,24.87,25.23,,97200.0
2004-06-29,24.93,25.83,24.93,25.7,,137200.0
2004-06-30,25.83,25.83,25.13,25.82,,108700.0
2004-07-01,25.83,25.83,25.24,25.5,,126100.0
2004-07-02,25.63,25.64,24.73,24.96,,93400.0
2004-07-06,24.72,25.05,23.25,23.54,,124500.0
2004-07-07,23.5,24.19,23.35,23.47,,151100.0
2004-07-08,23.34,23.34,22.51,22.55,,91000.0
2004-07-09,22.55,23.06,22.55,23.06,,64200.0
2004-07-12,23.08,23.08,22.52,22.68,,114900.0
2004-07-13,22.81,22.81,22.52,22.63,,57500.0
2004-07-14,22.71,23.1,22.21,23.01,,72700.0
2004-07-15,23.12,23.12,21.76,22.36,,201600.0
2004-07-16,22.67,22.68,22.06,22.35,,318100.0
2004-07-19,22.62,22.71,21.31,21.73,,159200.0
2004-07-20,21.66,22.32,21.63,22.06,,164600.0
2004-07-21,22.06,22.38,21.21,21.41,,127300.0
2004-07-22,21.21,21.54,20.77,21.52,,173100.0
2004-07-23,21.6,21.65,21.3,21.41,,198400.0
2004-07-26,21.3,21.61,20.17,20.23,,237900.0
2004-07-27,20.16,21.45,20.16,21.45,,195100.0
2004-07-28,21.58,21.58,20.39,21.42,,152100.0
2004-07-29,23.15,26.43,22.97,24.17,,946500.0
2004-07-30,24.33,25.08,23.67,24.72,,268100.0
2004-08-02,24.63,25.03,23.47,24.41,,235300.0
2004-08-03,24.12,24.3,23.47,23.9,,121900.0
2004-08-04,23.76,24.18,23.49,23.59,,102500.0
2004-08-05,23.58,24.02,23.47,23.51,,101500.0
2004-08-06,23.39,23.4,22.79,22.82,,147800.0
2004-08-09,22.76,23.27,22.59,22.6,,132700.0
2004-08-10,22.61,23.2,22.61,23.2,,67300.0
2004-08-11,22.58,22.82,21.69,22.21,,200900.0
2004-08-12,22.08,22.87,22.02,22.7,,82300.0
2004-08-13,22.81,22.93,22.55,22.64,,72100.0
2004-08-16,22.63,23.19,22.63,22.82,,81600.0
2004-08-17,23.2,23.43,22.64,22.97,,124700.0
2004-08-18,22.9,24.14,22.74,24.12,,121300.0
2004-08-19,24.02,24.68,23.84,24.68,,168500.0
2004-08-20,24.7,25.31,24.38,25.03,,246600.0
2004-08-23,25.13,25.23,24.42,24.65,,114300.0
2004-08-24,24.73,25.0,23.63,24.17,,110300.0
2004-08-25,23.98,24.56,23.9,24.46,,50900.0
2004-08-26,24.36,24.39,23.86,24.07,,48400.0
2004-08-27,23.68,24.14,23.65,23.76,,75500.0
2004-08-30,23.63,24.06,23.62,24.0,,49700.0
2004-08-31,24.06,24.3,23.94,24.18,,75000.0
2004-09-01,24.04,24.68,23.62,24.24,,111900.0
2004-09-02,24.05,24.44,23.63,24.21,,56100.0
2004-09-03,24.21,24.24,23.68,23.92,,37500.0
2004-09-07,23.82,23.96,22.61,23.73,,84100.0
2004-09-08,23.76,23.76,23.12,23.19,,52800.0
2004-09-09,23.12,23.38,23.12,23.28,,58500.0
2004-09-10,23.12,23.52,23.02,23.32,,75700.0
2004-09-13,23.19,23.54,23.03,23.16,,29000.0
2004-09-14,23.01,23.12,22.6,22.84,,78000.0
2004-09-15,22.84,23.66,22.52,23.55,,86600.0
2004-09-16,23.62,23.88,23.32,23.57,,67900.0
2004-09-17,23.69,23.73,22.93,23.58,,71400.0
2004-09-20,23.49,23.63,22.93,23.06,,48400.0
2004-09-21,23.01,23.58,23.01,23.4,,20100.0
2004-09-22,23.32,23.89,22.74,23.7,,108200.0
2004-09-23,23.32,23.9,23.32,23.79,,42100.0
2004-09-24,23.95,24.03,23.57,23.57,,40700.0
2004-09-27,23.35,23.7,22.89,23.05,,43600.0
2004-09-28,22.96,23.64,22.96,23.58,,38000.0
2004-09-29,23.75,23.89,23.06,23.16,,44500.0
2004-09-30,23.05,23.63,22.75,23.41,,89500.0
2004-10-01,23.3,23.96,22.9,23.92,,74800.0
2004-10-04,23.86,25.0,23.86,24.75,,121200.0
2004-10-05,24.8,25.46,24.69,25.46,,95700.0
2004-10-06,25.4,25.79,25.04,25.56,,65700.0
2004-10-07,25.58,25.81,24.91,25.65,,230300.0
2004-10-08,25.75,25.75,24.95,25.14,,75000.0
2004-10-11,24.99,25.74,24.99,25.54,,50600.0
2004-10-12,25.49,27.01,25.03,26.81,,350600.0
2004-10-13,26.93,26.93,26.37,26.72,,183100.0
2004-10-14,26.46,26.68,25.63,26.48,,87200.0
2004-10-15,26.21,26.88,25.66,26.43,,103400.0
2004-10-18,26.28,27.0,25.79,27.0,,202400.0
2004-10-19,26.79,28.11,26.67,27.99,,294000.0
2004-10-20,27.33,27.78,27.14,27.49,,226800.0
2004-10-21,27.29,28.68,27.13,28.59,,138200.0
2004-10-22,28.32,28.59,27.16,27.61,,135600.0
2004-10-25,27.36,27.7,26.85,27.0,,193100.0
2004-10-26,28.69,28.88,27.45,28.46,,474300.0
2004-10-27,28.7,29.67,28.27,29.58,,231100.0
2004-10-28,28.95,29.46,28.04,29.1,,198800.0
2004-10-29,29.4,29.4,27.73,28.67,,128400.0
2004-11-01,28.53,28.75,27.4,28.26,,153700.0
2004-11-02,28.15,28.63,27.27,27.84,,178300.0
2004-11-03,27.84,28.36,27.51,28.15,,120600.0
2004-11-04,27.97,28.37,27.7,28.15,,67300.0
2004-11-05,27.73,27.96,27.1,27.89,,431600.0
2004-11-08,27.38,28.59,27.09,28.23,,176500.0
2004-11-09,28.12,28.72,27.86,28.72,,137100.0
2004-11-10,28.69,28.78,28.3,28.68,,214200.0
2004-11-11,28.75,29.48,28.59,29.48,,110300.0
2004-11-12,29.32,30.85,28.82,30.72,,293800.0
2004-11-15,30.55,30.88,30.06,30.5,,238900.0
2004-11-16,30.13,30.43,30.03,30.24,,115500.0
2004-11-17,30.39,31.48,29.99,30.43,,338100.0
2004-11-18,30.43,30.43,28.95,29.47,,222900.0
2004-11-19,29.45,29.68,29.05,29.42,,114000.0
2004-11-22,29.05,29.42,27.63,28.77,,170600.0
2004-11-23,28.75,29.37,28.02,28.84,,77700.0
2004-11-24,28.63,29.28,28.4,28.97,,174300.0
2004-11-26,29.06,29.06,28.34,28.43,,59200.0
2004-11-29,28.45,29.39,28.45,29.29,,106400.0
2004-11-30,29.28,29.63,29.1,29.58,,106900.0
2004-12-01,29.45,30.3,28.87,29.55,,154400.0
2004-12-02,29.28,30.38,29.28,30.12,,144700.0
2004-12-03,30.31,30.31,29.7,29.87,,85100.0
2004-12-06,29.86,30.31,29.46,29.96,,106500.0
2004-12-07,29.82,30.28,29.53,29.53,,121700.0
2004-12-08,29.19,29.37,28.18,29.29,,228000.0
2004-12-09,29.09,29.44,28.88,29.39,,124100.0
2004-12-10,29.27,30.02,28.97,29.89,,185600.0
2004-12-13,29.86,29.86,29.01,29.3,,121500.0
2004-12-14,29.46,30.05,29.25,29.9,,115900.0
2004-12-15,29.42,30.05,29.42,29.68,,153800.0
2004-12-16,29.9,30.62,29.51,29.73,,301500.0
2004-12-17,29.51,30.24,29.42,29.95,,114300.0
2004-12-20,29.69,30.12,29.51,29.63,,78800.0
2004-12-21,29.53,30.34,29.53,30.11,,97000.0
2004-12-22,30.23,30.76,29.99,30.34,,93600.0
2004-12-23,30.28,31.5,30.18,31.48,,220700.0
2004-12-27,31.38,32.53,31.18,32.47,,175600.0
2004-12-28,32.29,32.98,31.99,32.66,,193100.0
2004-12-29,32.8,33.36,32.18,32.79,,132000.0
2004-12-30,33.08,33.33,32.6,32.79,,66300.0
2004-12-31,32.76,32.86,32.31,32.51,,57100.0
2005-01-03,32.71,32.98,32.05,32.88,,221200.0
2005-01-04,32.9,33.03,32.11,32.25,,210600.0
2005-01-05,32.1,32.1,31.29,31.58,,80900.0
2005-01-06,31.45,31.95,31.45,31.84,,154700.0
2005-01-07,31.53,31.77,31.23,31.5,,61800.0
2005-01-10,31.63,32.38,31.39,32.12,,55600.0
2005-01-11,31.95,32.34,31.71,31.77,,42700.0
2005-01-12,31.71,32.15,31.26,31.94,,138200.0
2005-01-13,31.73,31.9,31.06,31.22,,56100.0
2005-01-14,31.36,31.57,31.15,31.55,,153800.0
2005-01-18,31.2,32.34,30.53,32.07,,134800.0
2005-01-19,31.93,31.96,31.47,31.96,,97600.0
2005-01-20,31.47,32.1,31.47,31.87,,94200.0
2005-01-21,32.07,32.17,31.65,31.82,,52000.0
2005-01-24,31.61,31.61,31.38,31.49,,56800.0
2005-01-25,31.27,31.49,30.94,31.2,,119900.0
2005-01-26,31.19,31.64,31.17,31.39,,68200.0
2005-01-27,31.42,31.94,31.23,31.6,,87300.0
2005-01-28,31.8,31.8,30.84,31.19,,93500.0
2005-01-31,31.19,32.04,31.19,31.9,,69900.0
2005-02-01,31.52,32.64,31.4,32.64,,142100.0
2005-02-02,32.63,33.47,32.19,33.41,,138600.0
2005-02-03,33.32,33.43,32.41,33.27,,33300.0
2005-02-04,33.11,34.23,32.67,34.19,,65300.0
2005-02-07,34.19,34.19,33.34,33.49,,113500.0
2005-02-08,33.39,34.23,32.96,34.15,,58500.0
2005-02-09,33.86,34.22,33.48,33.62,,66500.0
2005-02-10,33.96,34.04,32.71,33.74,,92200.0
2005-02-11,33.55,33.84,33.09,33.37,,72800.0
2005-02-14,33.17,33.47,32.12,33.45,,245700.0
2005-02-15,32.66,33.47,32.17,33.23,,137100.0
2005-02-16,33.1,33.23,31.95,32.35,,199000.0
2005-02-17,32.31,32.71,31.96,32.6,,99500.0
2005-02-18,32.58,33.26,32.33,32.91,,49600.0
2005-02-22,32.55,33.1,32.24,32.5,,83400.0
2005-02-23,32.52,34.15,32.34,33.68,,174900.0
2005-02-24,33.39,34.0,32.67,33.3,,157800.0
2005-02-25,33.47,33.76,32.82,33.04,,88000.0
2005-02-28,33.11,33.67,32.86,33.31,,137000.0
2005-03-01,32.85,33.53,32.82,32.92,,142200.0
2005-03-02,32.88,33.76,32.51,33.29,,153800.0
2005-03-03,33.26,33.56,32.92,33.54,,228700.0
2005-03-04,33.33,35.29,33.29,35.2,,551200.0
2005-03-07,34.79,34.97,33.71,34.0,,269000.0
2005-03-08,33.4,33.83,32.93,33.03,,384100.0
2005-03-09,32.91,33.47,32.46,32.52,,165100.0
2005-03-10,32.56,33.07,31.55,31.87,,126100.0
2005-03-11,31.96,32.42,31.73,31.93,,81000.0
2005-03-14,31.87,32.19,31.63,31.9,,162500.0
2005-03-15,31.39,31.75,31.37,31.68,,258200.0
2005-03-16,31.44,31.72,31.3,31.72,,124200.0
2005-03-17,31.53,31.88,31.01,31.06,,106800.0
2005-03-18,31.29,31.29,30.81,31.06,,164700.0
2005-03-21,30.81,31.47,30.76,31.19,,62700.0
2005-03-22,31.23,31.23,30.83,30.94,,91800.0
2005-03-23,30.91,31.1,30.74,31.0,,87000.0
2005-03-24,31.11,32.14,31.11,31.71,,87000.0
2005-03-28,31.57,32.02,31.07,31.42,,71300.0
2005-03-29,31.19,31.72,31.19,31.49,,131900.0
2005-03-30,31.42,32.91,30.87,32.65,,125700.0
2005-03-31,32.32,32.85,31.98,32.21,,221300.0
2005-04-01,30.93,31.8,30.83,31.26,,174500.0
2005-04-04,31.25,31.25,30.33,30.99,,80900.0
2005-04-05,30.88,30.95,30.47,30.66,,78000.0
2005-04-06,30.63,30.85,30.62,30.62,,55900.0
2005-04-07,30.31,30.69,30.05,30.37,,170300.0
2005-04-08,30.12,30.43,29.48,29.66,,177600.0
2005-04-11,29.54,29.67,28.53,29.26,,261500.0
2005-04-12,28.88,29.67,28.62,29.61,,70100.0
2005-04-13,29.51,29.74,29.31,29.42,,53300.0
2005-04-14,29.32,29.88,29.29,29.51,,107200.0
2005-04-15,28.93,29.68,28.93,29.1,,89900.0
2005-04-18,28.89,29.67,28.89,29.48,,115600.0
2005-04-19,29.53,30.69,29.53,30.65,,95800.0
2005-04-20,30.66,31.39,30.16,30.4,,95400.0
2005-04-21,30.44,31.34,30.44,31.1,,59200.0
2005-04-22,30.92,31.17,30.3,30.85,,72500.0
2005-04-25,30.88,31.71,30.65,31.13,,85600.0
2005-04-26,30.79,31.25,30.5,30.81,,95300.0
2005-04-27,30.73,31.19,29.28,29.64,,170900.0
2005-04-28,29.02,30.08,28.43,28.46,,300800.0
2005-04-29,28.6,28.6,26.3,26.61,,443800.0
2005-05-02,26.37,28.11,26.37,27.59,,360700.0
2005-05-03,27.32,27.32,26.4,26.6,,179200.0
2005-05-04,26.53,27.51,26.3,27.15,,149000.0
2005-05-05,27.29,27.32,26.49,26.75,,144900.0
2005-05-06,27.19,27.29,26.49,27.07,,78100.0
2005-05-09,26.62,26.76,25.27,25.92,,513400.0
2005-05-10,25.79,25.84,24.97,25.22,,143300.0
2005-05-11,25.03,25.46,24.71,24.9,,109300.0
2005-05-12,24.84,24.84,23.98,24.05,,177600.0
2005-05-13,23.98,24.62,23.88,24.43,,104400.0
2005-05-16,24.04,25.85,24.0,25.7,,198200.0
2005-05-17,25.73,26.38,25.2,25.48,,478100.0
2005-05-18,24.85,27.28,24.85,27.0,,511900.0
2005-05-19,28.19,28.9,27.35,27.67,,347500.0
2005-05-20,27.67,27.73,27.09,27.59,,285800.0
2005-05-23,27.6,28.85,27.6,28.05,,230700.0
2005-05-24,28.1,28.13,27.6,27.77,,143100.0
2005-05-25,27.91,28.18,27.51,27.62,,99600.0
2005-05-26,27.61,28.7,27.53,28.7,,258200.0
2005-05-27,28.7,29.07,28.39,28.96,,132100.0
2005-05-31,28.75,29.09,28.75,28.98,,154100.0
2005-06-01,28.66,29.89,28.59,29.62,,167800.0
2005-06-02,29.58,30.08,29.37,29.48,,636000.0
2005-06-03,29.4,29.71,28.79,28.91,,47400.0
2005-06-06,28.86,28.92,28.43,28.53,,127000.0
2005-06-07,28.15,28.65,27.38,28.32,,213200.0
2005-06-08,28.31,28.49,28.05,28.12,,114900.0
2005-06-09,28.02,28.37,27.83,27.94,,102900.0
2005-06-10,28.02,28.11,27.77,27.89,,61500.0
2005-06-13,27.73,28.07,27.54,27.73,,69900.0
2005-06-14,27.91,28.53,27.63,27.98,,210500.0
2005-06-15,27.42,28.35,27.22,28.29,,234500.0
2005-06-16,29.75,33.71,29.67,33.15,,1018200.0
2005-06-17,33.01,34.05,33.01,33.55,,253000.0
2005-06-20,32.76,33.49,32.71,33.08,,219600.0
2005-06-21,33.11,33.35,33.03,33.2,,60700.0
2005-06-22,33.26,33.54,33.04,33.37,,239900.0
2005-06-23,33.29,33.33,32.47,32.51,,157900.0
2005-06-24,32.5,32.5,30.89,31.82,,256100.0
2005-06-27,31.5,33.0,31.5,32.14,,153200.0
2005-06-28,32.25,33.28,32.22,33.24,,145000.0
2005-06-29,33.09,33.46,32.88,33.19,,72200.0
2005-06-30,33.18,33.42,32.6,32.97,,113100.0
2005-07-01,32.24,32.63,31.8,32.61,,138900.0
2005-07-05,32.35,33.01,32.06,32.83,,131100.0
2005-07-06,32.8,33.0,32.37,32.57,,83000.0
2005-07-07,31.52,32.88,31.51,32.87,,109800.0
2005-07-08,32.58,33.91,32.58,33.82,,91200.0
2005-07-11,33.89,34.04,33.72,33.93,,256200.0
2005-07-12,33.88,34.02,33.62,33.9,,90500.0
2005-07-13,33.83,33.89,33.47,33.87,,50200.0
2005-07-14,33.93,33.93,33.38,33.65,,49300.0
2005-07-15,33.33,33.91,33.33,33.9,,38600.0
2005-07-18,33.85,33.85,32.43,33.07,,121800.0
2005-07-19,32.98,33.6,32.76,33.38,,161800.0
2005-07-20,33.21,34.0,33.19,33.62,,57100.0
2005-07-21,33.61,33.82,33.32,33.32,,88200.0
2005-07-22,33.4,34.0,33.01,34.0,,93700.0
2005-07-25,34.04,34.61,33.82,33.84,,162900.0
2005-07-26,33.87,34.6,33.27,34.3,,97700.0
2005-07-27,34.44,34.54,34.12,34.3,,174000.0
2005-07-28,34.09,34.39,32.94,33.87,,184700.0
2005-07-29,33.77,34.05,33.58,33.75,,103800.0
2005-08-01,33.46,33.84,32.72,33.21,,229200.0
2005-08-02,33.04,33.46,32.81,33.03,,89500.0
2005-08-03,32.71,33.31,32.67,33.09,,372600.0
2005-08-04,32.94,33.39,32.37,32.76,,145600.0
2005-08-05,32.7,32.7,31.03,31.12,,191600.0
2005-08-08,31.05,31.68,30.66,30.83,,140100.0
2005-08-09,30.79,31.13,30.31,30.42,,151500.0
2005-08-10,30.56,31.36,29.99,30.31,,150900.0
2005-08-11,30.25,30.88,29.86,30.72,,130000.0
2005-08-12,29.97,30.32,29.57,29.78,,267500.0
2005-08-15,29.57,30.18,29.57,30.09,,90200.0
2005-08-16,29.93,30.63,29.9,30.43,,192000.0
2005-08-17,30.33,30.62,30.24,30.56,,230300.0
2005-08-18,30.37,30.49,30.2,30.24,,199700.0
2005-08-19,30.18,30.3,29.74,29.86,,81300.0
2005-08-22,29.91,30.15,29.07,29.48,,110700.0
2005-08-23,29.46,29.88,28.99,29.48,,149000.0
2005-08-24,29.59,30.05,29.58,29.7,,71900.0
2005-08-25,29.69,29.9,29.56,29.7,,54700.0
2005-08-26,29.7,29.79,29.53,29.75,,75100.0
2005-08-29,29.74,29.74,29.51,29.67,,72300.0
2005-08-30,29.67,29.79,29.35,29.66,,56600.0
2005-08-31,29.51,29.67,29.11,29.64,,53200.0
2005-09-01,29.51,30.57,28.98,29.2,,174800.0
2005-09-02,29.28,29.97,29.08,29.12,,128000.0
2005-09-06,29.21,29.89,29.15,29.32,,145400.0
2005-09-07,29.02,29.51,28.94,29.43,,191200.0
2005-09-08,29.29,31.94,29.27,31.61,,523200.0
2005-09-09,31.61,32.41,31.61,32.36,,235200.0
2005-09-12,32.25,33.56,32.25,32.86,,262100.0
2005-09-13,32.66,32.97,31.76,32.0,,109100.0
2005-09-14,31.99,32.79,31.64,31.77,,83800.0
2005-09-15,31.62,31.95,31.25,31.58,,130300.0
2005-09-16,31.61,32.22,31.61,32.19,,137300.0
2005-09-19,32.11,32.13,31.26,31.57,,41600.0
2005-09-20,31.43,31.8,31.21,31.32,,57300.0
2005-09-21,31.22,31.36,30.43,31.12,,106400.0
2005-09-22,30.97,31.83,30.6,31.36,,127300.0
2005-09-23,31.29,31.41,30.66,30.99,,56000.0
2005-09-26,30.92,32.7,30.81,32.06,,128900.0
2005-09-27,31.67,32.23,31.29,32.04,,70900.0
2005-09-28,32.2,32.23,30.78,31.7,,72200.0
2005-09-29,31.44,32.07,31.27,31.77,,47500.0
2005-09-30,31.68,31.85,31.01,31.68,,96600.0
2005-10-03,31.45,32.06,30.85,31.75,,87300.0
2005-10-04,31.75,31.94,31.2,31.28,,55200.0
2005-10-05,31.01,31.45,30.05,30.22,,83900.0
2005-10-06,29.99,30.41,29.32,29.92,,98600.0
2005-10-07,29.55,29.55,26.99,28.3,,508000.0
2005-10-10,28.31,28.4,27.77,27.83,,135600.0
2005-10-11,27.73,28.03,27.57,27.61,,166200.0
2005-10-12,27.48,27.9,27.29,27.46,,178100.0
2005-10-13,27.38,27.8,27.33,27.46,,185100.0
2005-10-14,27.47,28.07,27.38,27.73,,141000.0
2005-10-17,27.67,28.35,27.63,28.25,,132400.0
2005-10-18,28.23,28.34,27.99,28.03,,100600.0
2005-10-19,28.09,28.18,27.21,28.11,,128100.0
2005-10-20,27.97,28.18,27.17,27.48,,89400.0
2005-10-21,27.48,27.67,26.78,26.86,,176900.0
2005-10-24,26.94,27.55,26.65,27.31,,166100.0
2005-10-25,27.27,27.73,26.94,27.72,,138400.0
2005-10-26,28.24,29.24,28.18,28.92,,499200.0
2005-10-27,29.44,29.47,28.91,29.16,,153500.0
2005-10-28,29.1,29.2,27.38,27.39,,347000.0
2005-10-31,27.39,28.32,27.39,28.06,,203800.0
2005-11-01,27.75,28.21,27.75,27.98,,82700.0
2005-11-02,27.94,28.56,27.8,28.25,,165400.0
2005-11-03,28.53,28.82,28.15,28.78,,288900.0
2005-11-04,28.75,29.04,28.24,28.43,,136000.0
2005-11-07,28.65,29.24,28.43,29.13,,275300.0
2005-11-08,29.17,29.23,28.43,28.43,,411100.0
2005-11-09,28.46,28.46,27.09,27.11,,951700.0
2005-11-10,27.31,27.77,27.31,27.38,,3816500.0
2005-11-11,27.24,27.64,26.78,27.48,,629700.0
2005-11-14,27.51,27.51,27.17,27.19,,303600.0
2005-11-15,27.21,27.76,27.04,27.47,,356500.0
2005-11-16,27.45,27.47,27.19,27.46,,223200.0
2005-11-17,27.28,28.41,27.28,28.41,,790100.0
2005-11-18,28.55,28.68,28.15,28.49,,278400.0
2005-11-21,28.41,30.05,28.41,29.98,,563300.0
2005-11-22,29.77,30.95,29.38,30.86,,447400.0
2005-11-23,30.66,31.64,30.66,31.39,,525400.0
2005-11-25,31.57,31.57,31.0,31.25,,77100.0
2005-11-28,31.29,31.29,30.74,31.13,,285300.0
2005-11-29,31.13,31.13,30.68,30.95,,207000.0
2005-11-30,30.98,31.18,30.27,30.37,,364500.0
2005-12-01,30.28,31.21,30.16,31.06,,381900.0
2005-12-02,31.2,31.29,30.65,30.99,,107800.0
2005-12-05,30.86,31.17,30.47,30.57,,379000.0
2005-12-06,30.6,31.67,30.6,31.03,,273400.0
2005-12-07,31.13,31.16,30.68,30.95,,104800.0
2005-12-08,30.79,31.55,30.7,31.48,,382800.0
2005-12-09,31.43,32.22,31.43,31.91,,309400.0
2005-12-12,32.09,32.52,31.9,32.35,,199800.0
2005-12-13,32.33,32.41,31.93,32.06,,137500.0
2005-12-14,32.09,32.2,31.92,32.09,,189600.0
2005-12-15,31.94,32.09,31.57,31.61,,171200.0
2005-12-16,31.69,31.81,31.24,31.42,,275700.0
2005-12-19,31.32,31.44,30.51,30.58,,352600.0
2005-12-20,30.62,31.16,29.87,30.83,,473500.0
2005-12-21,30.93,31.0,30.47,30.93,,133600.0
2005-12-22,30.79,31.27,30.65,31.2,,139100.0
2005-12-23,31.03,31.42,30.92,30.96,,82100.0
2005-12-27,31.19,31.52,30.74,31.01,,190200.0
2005-12-28,31.04,31.17,30.37,31.05,,173400.0
2005-12-29,31.14,31.38,30.78,31.01,,118800.0
2005-12-30,30.73,31.03,30.46,31.01,,178700.0
2006-01-03,30.75,31.91,30.44,31.52,,563200.0
2006-01-04,31.41,32.74,31.38,32.29,,360600.0
2006-01-05,32.46,33.05,32.06,32.9,,288400.0
2006-01-06,32.87,33.22,32.72,33.08,,264600.0
2006-01-09,32.79,33.96,32.79,33.55,,577700.0
2006-01-10,33.47,33.55,33.0,33.41,,361700.0
2006-01-11,33.32,34.32,33.32,34.17,,513400.0
2006-01-12,34.07,34.63,34.07,34.48,,281700.0
2006-01-13,34.35,35.32,34.35,34.98,,438500.0
2006-01-17,34.6,35.36,34.6,35.27,,243300.0
2006-01-18,34.95,35.68,34.54,35.43,,352500.0
2006-01-19,35.41,36.15,35.04,36.01,,376400.0
2006-01-20,35.98,35.98,34.9,35.1,,349100.0
2006-01-23,35.33,35.33,34.98,35.14,,183900.0
2006-01-24,34.99,35.52,34.97,35.43,,218700.0
2006-01-25,35.52,35.94,35.15,35.64,,204700.0
2006-01-26,35.55,35.6,35.11,35.46,,476300.0
2006-01-27,35.33,36.36,35.33,36.06,,324900.0
2006-01-30,36.12,36.12,35.48,35.84,,299300.0
2006-01-31,35.66,35.94,35.49,35.7,,186300.0
2006-02-01,35.43,35.87,35.43,35.79,,243200.0
2006-02-02,35.62,35.78,35.32,35.46,,284100.0
2006-02-03,35.43,35.76,35.2,35.36,,258000.0
2006-02-06,35.17,35.5,34.9,35.36,,176000.0
2006-02-07,35.11,35.65,35.06,35.52,,197600.0
2006-02-08,35.43,36.73,35.43,36.51,,467600.0
2006-02-09,35.17,35.96,33.91,35.94,,839600.0
2006-02-10,35.75,36.3,35.36,36.13,,290100.0
2006-02-13,35.86,35.92,34.1,34.21,,566000.0
2006-02-14,34.06,34.49,33.8,34.19,,399400.0
2006-02-15,34.28,34.29,33.8,34.29,,296700.0
2006-02-16,34.34,35.81,34.34,35.79,,411400.0
2006-02-17,35.72,35.9,35.41,35.68,,191900.0
2006-02-21,35.63,35.74,35.06,35.08,,127100.0
2006-02-22,35.04,36.32,35.04,35.96,,193100.0
2006-02-23,35.58,37.65,35.48,36.55,,574600.0
2006-02-24,36.64,38.95,36.34,38.43,,808600.0
2006-02-27,38.33,39.71,38.23,39.68,,601000.0
2006-02-28,39.44,40.03,39.37,39.89,,952000.0
2006-03-01,39.77,40.24,39.28,40.2,,634200.0
2006-03-02,40.28,40.47,39.34,39.94,,405800.0
2006-03-03,39.72,39.77,39.36,39.41,,445100.0
2006-03-06,39.41,39.75,38.99,39.45,,303400.0
2006-03-07,39.34,39.49,38.15,38.64,,317400.0
2006-03-08,38.41,38.74,38.16,38.57,,427500.0
2006-03-09,38.6,39.4,38.6,39.3,,324700.0
2006-03-10,39.1,40.73,39.1,40.73,,257500.0
2006-03-13,40.76,42.66,40.66,41.81,,572600.0
2006-03-14,41.89,42.9,41.89,42.22,,389300.0
2006-03-15,42.09,42.16,41.24,41.96,,287500.0
2006-03-16,42.07,42.39,41.15,41.34,,208300.0
2006-03-17,41.54,43.09,41.4,42.64,,479700.0
2006-03-20,42.59,42.6,41.75,42.21,,392800.0
2006-03-21,42.07,42.75,41.94,42.07,,250200.0
2006-03-22,41.82,42.88,41.82,42.79,,365500.0
2006-03-23,42.9,44.12,42.37,43.76,,293300.0
2006-03-24,44.07,46.15,43.69,44.53,,916800.0
2006-03-27,44.83,44.91,44.22,44.57,,310900.0
2006-03-28,44.36,44.74,44.02,44.35,,102200.0
2006-03-29,44.61,45.44,44.12,44.9,,946200.0
2006-03-30,45.24,47.08,44.56,47.03,,977900.0
2006-03-31,46.74,49.0,46.74,48.85,,1040900.0
2006-04-03,47.92,47.93,46.18,47.24,,1719400.0
2006-04-04,47.42,47.46,45.1,45.28,,1064600.0
2006-04-05,45.07,45.12,42.53,44.17,,1452600.0
2006-04-06,44.26,45.67,43.72,45.64,,541600.0
2006-04-07,45.47,45.64,44.04,44.89,,318900.0
2006-04-10,44.85,45.03,42.48,43.09,,438600.0
2006-04-11,42.88,43.32,42.04,42.6,,440200.0
2006-04-12,42.64,43.4,42.6,43.28,,259600.0
2006-04-13,43.46,44.28,43.05,43.63,,321600.0
2006-04-17,43.29,43.91,41.94,43.19,,491100.0
2006-04-18,43.2,43.91,43.2,43.47,,401000.0
2006-04-19,43.65,44.23,43.43,43.63,,380500.0
2006-04-20,43.39,43.86,43.36,43.4,,177300.0
2006-04-21,43.63,44.14,43.49,43.75,,208700.0
2006-04-24,44.14,44.33,42.48,42.97,,686400.0
2006-04-25,42.92,44.05,42.92,43.99,,412800.0
2006-04-26,43.75,44.27,42.1,42.93,,464800.0
2006-04-27,45.54,48.55,44.71,47.16,,1247600.0
2006-04-28,46.87,50.46,46.87,50.13,,844200.0
2006-05-01,49.88,50.05,48.06,48.39,,873300.0
2006-05-02,48.24,48.89,47.78,47.82,,227400.0
2006-05-03,47.64,47.92,46.5,46.81,,397800.0
2006-05-04,46.73,48.68,46.49,48.6,,232300.0
2006-05-05,48.51,48.93,47.97,48.01,,112100.0
2006-05-08,47.85,49.32,47.71,49.11,,149100.0
2006-05-09,48.83,49.44,48.52,49.02,,164800.0
2006-05-10,48.84,50.14,48.77,49.6,,371100.0
2006-05-11,49.67,49.67,47.43,47.57,,214800.0
2006-05-12,47.01,48.36,46.86,47.99,,426400.0
2006-05-15,47.6,47.92,46.6,47.81,,288500.0
2006-05-16,47.7,48.42,47.51,48.22,,313200.0
2006-05-17,47.7,48.08,46.36,47.09,,326100.0
2006-05-18,47.41,48.17,44.88,45.39,,271800.0
2006-05-19,45.22,45.49,42.55,43.34,,928500.0
2006-05-22,43.13,44.19,42.19,43.45,,585500.0
2006-05-23,43.51,43.65,42.75,42.8,,227100.0
2006-05-24,42.93,43.09,40.67,42.03,,476900.0
2006-05-25,42.23,42.55,41.35,41.61,,678600.0
2006-05-26,41.96,45.12,41.77,44.74,,640600.0
2006-05-30,44.21,44.64,43.4,43.85,,286600.0
2006-05-31,44.04,44.36,43.57,44.33,,313500.0
2006-06-01,44.32,46.06,43.13,45.97,,347300.0
2006-06-02,46.14,46.9,45.7,46.42,,359600.0
2006-06-05,46.02,46.46,44.88,45.37,,248000.0
2006-06-06,45.53,46.04,44.64,44.9,,422900.0
2006-06-07,45.09,45.64,44.64,44.68,,253800.0
2006-06-08,44.49,44.49,41.34,43.54,,587200.0
2006-06-09,43.53,44.61,42.45,42.72,,198700.0
2006-06-12,39.81,41.07,38.64,39.84,,1661500.0
2006-06-13,39.94,40.07,36.38,37.46,,1036000.0
2006-06-14,37.36,38.48,36.75,37.26,,562500.0
2006-06-15,37.58,39.66,37.49,38.8,,849700.0
2006-06-16,38.8,38.89,37.33,37.78,,790800.0
2006-06-19,38.0,38.15,36.13,36.52,,382300.0
2006-06-20,36.61,36.9,36.25,36.28,,306500.0
2006-06-21,36.23,39.44,36.14,38.76,,608900.0
2006-06-22,38.8,38.95,38.0,38.35,,261200.0
2006-06-23,38.38,39.66,37.88,39.27,,446700.0
2006-06-26,39.46,39.79,38.8,39.02,,219700.0
2006-06-27,39.17,39.56,38.37,38.65,,209600.0
2006-06-28,38.91,38.92,37.64,38.89,,235400.0
2006-06-29,39.0,41.97,39.0,41.23,,499900.0
2006-06-30,40.01,42.22,39.94,41.73,,1602500.0
2006-07-03,41.22,42.21,41.22,41.76,,106900.0
2006-07-05,41.03,41.65,40.23,40.38,,291200.0
2006-07-06,40.42,41.04,39.78,40.0,,345700.0
2006-07-07,39.81,40.27,39.32,39.34,,372500.0
2006-07-10,39.3,39.6,37.64,38.35,,238000.0
2006-07-11,38.13,38.62,36.98,38.51,,374000.0
2006-07-12,38.45,39.25,38.45,38.54,,349400.0
2006-07-13,38.7,38.7,36.56,36.7,,534700.0
2006-07-14,36.51,36.98,34.94,35.67,,443100.0
2006-07-17,35.4,35.9,34.69,35.27,,654500.0
2006-07-18,35.49,36.25,35.22,35.89,,288500.0
2006-07-19,36.0,37.81,35.73,37.45,,294400.0
2006-07-20,37.4,37.7,35.88,36.12,,151200.0
2006-07-21,35.9,36.29,35.09,35.66,,467000.0
2006-07-24,35.77,36.89,35.77,36.78,,421700.0
2006-07-25,36.93,38.29,36.52,37.96,,311000.0
2006-07-26,38.03,38.52,37.03,38.1,,195500.0
2006-07-27,38.16,38.85,37.12,37.28,,346900.0
2006-07-28,38.8,39.05,37.64,38.55,,612100.0
2006-07-31,38.93,40.08,38.41,39.84,,489400.0
2006-08-01,39.39,39.75,38.35,38.54,,452100.0
2006-08-02,38.8,39.71,38.14,39.59,,439700.0
2006-08-03,37.82,38.49,36.08,38.41,,1526900.0
2006-08-04,38.8,38.8,37.27,37.83,,315000.0
2006-08-07,37.39,37.65,36.0,37.12,,424900.0
2006-08-08,37.14,38.41,37.01,37.98,,454800.0
2006-08-09,38.54,39.41,37.99,38.21,,532100.0
2006-08-10,37.87,38.52,37.55,38.19,,281700.0
2006-08-11,37.87,38.52,37.56,38.07,,273300.0
2006-08-14,38.38,38.89,37.87,38.29,,318100.0
2006-08-15,39.96,44.74,39.75,44.12,,2570300.0
2006-08-16,44.78,45.04,43.58,44.96,,506100.0
2006-08-17,44.4,45.4,44.4,45.16,,348400.0
2006-08-18,44.98,45.26,43.82,45.22,,250600.0
2006-08-21,44.83,44.83,43.37,43.63,,410700.0
2006-08-22,43.58,43.82,42.98,43.46,,566400.0
2006-08-23,43.37,43.63,42.33,42.48,,542400.0
2006-08-24,42.67,44.27,42.67,44.04,,279800.0
2006-08-25,43.76,44.84,42.88,43.22,,517500.0
2006-08-28,43.12,43.82,42.58,43.31,,280300.0
2006-08-29,43.2,43.69,42.2,43.63,,641300.0
2006-08-30,43.52,45.05,43.52,44.4,,347300.0
2006-08-31,44.72,44.72,43.69,43.87,,279800.0
2006-09-01,44.17,45.18,43.72,44.75,,224100.0
2006-09-05,44.55,47.14,44.54,46.93,,528100.0
2006-09-06,46.42,46.55,44.77,45.33,,738200.0
2006-09-07,45.1,46.26,44.87,45.89,,471300.0
2006-09-08,45.99,46.96,45.49,46.63,,328200.0
2006-09-11,46.25,47.53,46.07,47.33,,408800.0
2006-09-12,47.43,47.92,46.71,47.02,,632400.0
2006-09-13,46.93,48.25,46.93,48.08,,622600.0
2006-09-14,47.92,48.68,46.07,46.58,,383800.0
2006-09-15,47.05,47.42,46.43,46.84,,414400.0
2006-09-18,45.9,47.45,45.9,47.2,,320000.0
2006-09-19,47.32,47.54,44.69,45.89,,519200.0
2006-09-20,45.92,47.06,45.92,46.37,,267300.0
2006-09-21,46.74,47.07,45.34,45.67,,325100.0
2006-09-22,45.45,45.55,45.09,45.31,,191400.0
2006-09-25,45.5,48.14,45.01,47.79,,423100.0
2006-09-26,47.85,49.31,46.77,46.83,,651600.0
2006-09-27,46.69,46.69,45.25,45.37,,1038100.0
2006-09-28,45.63,46.17,44.86,45.65,,439100.0
2006-09-29,45.71,46.85,45.44,45.72,,353600.0
2006-10-02,45.36,45.78,44.73,45.36,,326400.0
2006-10-03,45.19,46.03,44.01,44.81,,285600.0
2006-10-04,44.57,46.61,44.49,46.55,,384400.0
2006-10-05,46.42,48.68,46.42,48.48,,530400.0
2006-10-06,48.16,48.56,47.68,47.87,,471900.0
2006-10-09,47.7,48.66,47.45,48.39,,248000.0
2006-10-10,48.68,48.89,46.98,47.38,,400200.0
2006-10-11,47.0,48.11,46.68,47.1,,624700.0
2006-10-12,47.26,48.91,47.12,48.68,,577500.0
2006-10-13,48.72,50.11,48.46,49.07,,456400.0
2006-10-16,48.84,50.15,48.54,49.35,,360500.0
2006-10-17,48.9,49.57,48.24,49.22,,211700.0
2006-10-18,48.74,49.97,48.45,49.73,,366800.0
2006-10-19,49.62,51.04,49.37,50.61,,404400.0
2006-10-20,50.8,51.63,50.31,51.13,,560600.0
2006-10-23,51.25,52.08,50.59,51.67,,745800.0
2006-10-24,51.71,51.88,51.25,51.79,,320300.0
2006-10-25,51.88,52.59,51.32,52.01,,678200.0
2006-10-26,50.93,53.81,50.93,53.74,,817700.0
2006-10-27,53.41,53.77,52.33,52.36,,342300.0
2006-10-30,52.36,52.91,51.95,52.41,,478800.0
2006-10-31,51.73,52.62,51.65,52.03,,419800.0
2006-11-01,51.74,51.92,50.95,50.97,,417100.0
2006-11-02,50.78,51.36,50.66,51.19,,478600.0
2006-11-03,51.21,51.87,50.89,51.48,,153800.0
2006-11-06,51.54,52.13,51.54,52.04,,339800.0
2006-11-07,51.95,53.48,51.9,52.73,,474300.0
2006-11-08,52.41,53.71,52.0,53.16,,389200.0
2006-11-09,53.19,53.55,52.95,53.26,,502100.0
2006-11-10,53.15,53.42,52.87,53.25,,222000.0
2006-11-13,53.09,53.55,52.94,53.24,,160600.0
2006-11-14,53.32,55.2,52.83,55.15,,670600.0
2006-11-15,55.0,56.23,55.0,55.59,,440800.0
2006-11-16,55.53,56.06,54.79,54.99,,390300.0
2006-11-17,54.97,55.39,54.58,55.12,,239600.0
2006-11-20,54.51,56.83,54.34,56.73,,415200.0
2006-11-21,56.88,58.93,56.84,58.15,,559900.0
2006-11-22,58.29,59.08,58.13,58.53,,235900.0
2006-11-24,58.04,58.5,57.83,57.83,,52700.0
2006-11-27,57.45,57.46,55.98,56.25,,370600.0
2006-11-28,55.8,56.22,55.45,55.77,,274000.0
2006-11-29,56.25,57.58,55.73,56.79,,430100.0
2006-11-30,56.79,58.7,56.75,58.2,,324800.0
2006-12-01,57.49,57.95,55.78,56.92,,462100.0
2006-12-04,57.01,58.73,56.6,58.06,,279900.0
2006-12-05,58.45,58.91,57.7,57.98,,263700.0
2006-12-06,58.54,60.45,58.21,59.88,,817100.0
2006-12-07,60.09,61.84,59.1,59.65,,752700.0
2006-12-08,59.69,59.88,58.85,59.3,,391100.0
2006-12-11,60.07,62.07,59.89,60.35,,742800.0
2006-12-12,60.62,60.96,59.14,60.27,,389400.0
2006-12-13,60.84,61.77,60.55,61.48,,589600.0
2006-12-14,61.53,63.13,61.4,62.76,,462700.0
2006-12-15,62.91,63.22,62.08,62.3,,568400.0
2006-12-18,61.43,62.11,59.07,59.42,,587500.0
2006-12-19,59.02,60.21,58.69,59.32,,253600.0
2006-12-20,59.17,59.57,58.33,58.57,,268900.0
2006-12-21,58.73,58.79,57.36,57.74,,262900.0
2006-12-22,57.62,57.68,56.82,57.35,,199400.0
2006-12-26,57.15,57.96,57.13,57.83,,152500.0
2006-12-27,58.0,60.06,58.0,59.45,,499400.0
2006-12-28,59.47,59.47,57.81,58.09,,208200.0
2006-12-29,58.09,58.5,57.47,57.52,,221900.0
2007-01-03,57.81,59.1,57.26,57.34,,506500.0
2007-01-04,56.46,59.03,54.73,58.73,,933400.0
2007-01-05,58.34,58.57,56.85,57.94,,378000.0
2007-01-08,57.96,58.06,57.26,57.8,,282600.0
2007-01-09,57.9,59.9,57.37,59.47,,398500.0
2007-01-10,59.26,61.18,59.03,60.74,,514000.0
2007-01-11,60.4,64.19,60.36,62.66,,740000.0
2007-01-12,62.76,62.76,61.95,62.32,,351800.0
2007-01-16,62.38,62.74,62.19,62.43,,959800.0
2007-01-17,62.3,62.36,61.52,62.07,,391900.0
2007-01-18,61.62,61.87,59.34,60.51,,580400.0
2007-01-19,60.51,63.4,60.51,63.14,,480800.0
2007-01-22,62.89,62.92,61.54,62.19,,549100.0
2007-01-23,62.03,64.11,61.88,63.13,,416800.0
2007-01-24,63.36,63.86,63.07,63.15,,457700.0
2007-01-25,63.28,63.56,62.16,62.64,,373300.0
2007-01-26,62.63,62.93,61.62,62.14,,328600.0
2007-01-29,62.03,63.25,61.95,62.34,,317000.0
2007-01-30,62.48,64.51,62.41,63.57,,350800.0
2007-01-31,63.89,64.61,63.2,63.95,,617400.0
2007-02-01,64.01,65.13,63.27,63.29,,386000.0
2007-02-02,63.48,64.21,63.2,63.26,,401200.0
2007-02-05,63.15,63.89,62.77,62.9,,265500.0
2007-02-06,63.32,63.33,61.88,62.43,,299700.0
2007-02-07,62.64,64.51,62.16,64.35,,423500.0
2007-02-08,64.01,65.61,61.27,61.49,,890800.0
2007-02-09,61.62,62.22,59.75,60.92,,669600.0
2007-02-12,60.93,60.99,60.19,60.94,,331300.0
2007-02-13,61.14,63.7,61.04,63.56,,650300.0
2007-02-14,63.3,66.73,63.12,65.79,,1239700.0
2007-02-15,65.84,66.49,64.66,65.43,,358400.0
2007-02-16,65.43,66.29,64.46,66.18,,281100.0
2007-02-20,65.95,66.77,65.11,66.42,,400900.0
2007-02-21,66.07,66.66,65.2,66.32,,496100.0
2007-02-22,66.26,67.46,66.14,67.21,,550500.0
2007-02-23,67.29,67.57,66.86,67.39,,513500.0
2007-02-26,67.4,67.52,66.66,67.37,,410500.0
2007-02-27,66.8,66.8,63.63,64.16,,888100.0
2007-02-28,64.31,64.77,62.02,62.89,,888500.0
2007-03-01,61.78,63.32,61.09,63.24,,588300.0
2007-03-02,62.62,63.21,61.05,61.14,,569100.0
2007-03-05,60.99,62.19,60.11,60.18,,460800.0
2007-03-06,60.83,63.18,60.66,63.03,,602700.0
2007-03-07,63.07,63.88,61.68,61.87,,448900.0
2007-03-08,62.29,64.83,62.29,63.65,,553200.0
2007-03-09,64.28,64.49,62.84,63.3,,197000.0
2007-03-12,63.08,63.74,62.79,63.02,,188000.0
2007-03-13,62.57,63.29,61.27,61.69,,439700.0
2007-03-14,61.6,62.69,60.61,62.37,,490800.0
2007-03-15,62.44,63.22,61.72,63.21,,406300.0
2007-03-16,63.2,63.7,61.81,62.04,,470500.0
2007-03-19,62.57,64.54,62.25,64.28,,431500.0
2007-03-20,64.28,65.88,64.03,65.87,,456200.0
2007-03-21,66.01,67.51,65.0,67.37,,311700.0
2007-03-22,67.53,68.55,66.26,68.18,,496100.0
2007-03-23,68.3,68.67,67.65,68.34,,361500.0
2007-03-26,68.45,68.65,66.93,68.46,,443000.0
2007-03-27,66.42,67.42,65.42,65.56,,909000.0
2007-03-28,64.95,65.28,63.82,64.97,,1618700.0
2007-03-29,65.42,65.78,64.51,65.29,,610900.0
2007-03-30,65.34,66.1,64.17,65.14,,514800.0
2007-04-02,65.4,65.78,64.77,65.32,,324300.0
2007-04-03,65.46,66.44,65.33,65.88,,576800.0
2007-04-04,65.98,66.22,65.44,66.0,,351100.0
2007-04-05,65.81,67.12,65.81,66.9,,205800.0
2007-04-09,66.99,68.13,66.96,67.62,,243800.0
2007-04-10,67.51,68.21,67.32,67.93,,346000.0
2007-04-11,68.19,68.19,66.96,66.96,,232400.0
2007-04-12,67.15,67.56,66.11,67.51,,440500.0
2007-04-13,67.34,67.47,66.69,67.11,,327100.0
2007-04-16,67.74,68.87,67.4,67.7,,329000.0
2007-04-17,67.58,68.15,67.19,67.49,,365200.0
2007-04-18,67.32,67.37,66.29,66.43,,337600.0
2007-04-19,66.38,66.39,64.97,65.03,,370000.0
2007-04-20,65.27,66.17,64.8,65.17,,347900.0
2007-04-23,64.99,66.35,64.99,66.23,,168200.0
2007-04-24,66.27,67.17,65.42,66.59,,415200.0
2007-04-25,66.76,66.76,65.3,65.53,,434300.0
2007-04-26,65.4,68.92,65.4,66.38,,966400.0
2007-04-27,66.08,69.63,65.75,67.31,,1038300.0
2007-04-30,67.67,67.67,63.33,63.49,,1066100.0
2007-05-01,63.34,63.76,61.08,63.06,,1189600.0
2007-05-02,63.17,63.98,62.56,63.68,,997200.0
2007-05-03,63.42,64.66,63.42,64.21,,462000.0
2007-05-04,64.41,64.46,62.45,63.01,,669000.0
2007-05-07,63.15,63.15,61.39,62.08,,544700.0
2007-05-08,61.99,62.26,61.31,61.9,,368200.0
2007-05-09,61.56,61.82,60.66,61.49,,420500.0
2007-05-10,61.32,62.57,60.99,61.66,,668400.0
2007-05-11,60.86,62.86,60.86,62.78,,294100.0
2007-05-14,62.67,62.94,61.82,62.0,,417900.0
2007-05-15,61.9,62.54,59.49,59.49,,500800.0
2007-05-16,59.79,60.05,58.3,59.53,,1209000.0
2007-05-17,59.9,62.21,59.4,61.8,,1262200.0
2007-05-18,62.03,63.08,61.56,62.83,,652800.0
2007-05-21,62.66,64.3,62.66,63.99,,511400.0
2007-05-22,63.97,64.39,63.02,63.89,,340500.0
2007-05-23,63.96,64.66,62.43,62.57,,457700.0
2007-05-24,62.45,63.72,61.69,61.87,,341500.0
2007-05-25,62.0,62.57,61.7,62.48,,239900.0
2007-05-29,62.6,63.98,62.22,63.51,,367300.0
2007-05-30,62.84,64.59,62.73,64.35,,458000.0
2007-05-31,64.35,67.21,64.29,66.47,,1223300.0
2007-06-01,66.67,66.87,65.21,65.83,,662400.0
2007-06-04,65.81,65.85,65.28,65.81,,323300.0
2007-06-05,65.29,66.8,65.05,66.74,,479900.0
2007-06-06,66.22,66.54,65.61,66.28,,465900.0
2007-06-07,65.97,66.34,64.73,65.12,,654800.0
2007-06-08,65.22,66.93,64.7,66.75,,496600.0
2007-06-11,66.83,66.83,65.52,65.59,,263700.0
2007-06-12,65.42,65.68,63.94,64.15,,447200.0
2007-06-13,64.43,66.52,64.03,65.5,,430800.0
2007-06-14,65.57,67.13,65.38,66.46,,338300.0
2007-06-15,67.34,67.94,66.38,66.96,,525000.0
2007-06-18,67.0,67.84,66.26,66.55,,232500.0
2007-06-19,66.22,66.44,65.43,65.49,,263000.0
2007-06-20,65.68,65.83,64.12,64.19,,413400.0
2007-06-21,63.97,64.71,62.86,64.68,,525300.0
2007-06-22,64.53,64.96,63.18,64.01,,496400.0
2007-06-25,63.8,64.77,62.79,63.94,,311100.0
2007-06-26,64.03,66.93,63.9,65.91,,782100.0
2007-06-27,65.79,67.09,64.97,66.94,,372600.0
2007-06-28,67.09,69.77,67.02,68.76,,890400.0
2007-06-29,69.17,71.03,68.75,69.58,,763800.0
2007-07-02,70.92,73.2,70.28,73.01,,778400.0
2007-07-03,73.03,73.46,71.31,71.88,,448600.0
2007-07-05,71.8,73.51,71.71,73.17,,318600.0
2007-07-06,73.19,73.79,72.7,72.94,,269900.0
2007-07-09,72.73,73.24,72.19,72.91,,482000.0
2007-07-10,72.74,72.9,69.72,69.76,,531400.0
2007-07-11,69.59,70.58,68.99,69.34,,520700.0
2007-07-12,69.34,71.03,69.24,70.93,,389200.0
2007-07-13,71.1,71.69,70.3,70.71,,327200.0
2007-07-16,70.58,70.99,69.59,69.91,,328600.0
2007-07-17,69.87,71.25,69.54,70.2,,230400.0
2007-07-18,69.67,70.05,68.55,69.59,,346300.0
2007-07-19,69.66,72.1,69.66,71.88,,495900.0
2007-07-20,71.72,71.72,70.13,70.5,,378000.0
2007-07-23,70.74,71.06,69.36,69.5,,224800.0
2007-07-24,68.85,68.85,66.58,67.1,,577000.0
2007-07-25,67.24,69.22,65.55,67.37,,580200.0
2007-07-26,67.89,72.11,67.15,68.93,,1362500.0
2007-07-27,68.83,70.35,68.55,68.61,,894800.0
2007-07-30,68.8,70.0,66.56,67.52,,828300.0
2007-07-31,67.94,68.83,66.04,66.11,,408600.0
2007-08-01,65.66,66.61,64.54,66.13,,766700.0
2007-08-02,65.75,68.63,65.75,67.52,,1048300.0
2007-08-03,67.51,67.94,65.54,65.87,,681600.0
2007-08-06,66.05,67.09,64.9,66.89,,759800.0
2007-08-07,66.77,70.38,66.51,69.79,,1529900.0
2007-08-08,69.91,74.8,69.91,73.14,,1933800.0
2007-08-09,72.56,74.66,70.51,73.78,,1452800.0
2007-08-10,73.03,73.16,69.27,71.68,,1200700.0
2007-08-13,71.63,72.27,69.9,71.26,,651600.0
2007-08-14,71.25,71.34,65.9,67.65,,664100.0
2007-08-15,67.05,68.95,66.18,67.35,,450000.0
2007-08-16,66.75,67.06,63.56,65.4,,1381300.0
2007-08-17,66.87,67.21,65.35,66.59,,1204800.0
2007-08-20,66.75,66.91,65.43,66.54,,493900.0
2007-08-21,66.23,67.99,65.97,67.03,,637800.0
2007-08-22,67.7,67.94,66.62,67.24,,422900.0
2007-08-23,67.32,67.32,64.82,65.44,,626400.0
2007-08-24,65.46,67.18,65.46,66.92,,379600.0
2007-08-27,66.58,67.69,66.07,67.25,,204300.0
2007-08-28,67.24,67.95,65.11,65.31,,438200.0
2007-08-29,65.49,67.53,64.67,67.43,,407400.0
2007-08-30,67.1,67.83,65.42,65.66,,338700.0
2007-08-31,66.24,67.7,66.15,67.33,,255100.0
2007-09-04,66.65,69.11,66.26,68.38,,319000.0
2007-09-05,67.81,68.48,67.31,68.18,,267900.0
2007-09-06,68.26,68.63,65.56,66.3,,392400.0
2007-09-07,65.47,68.02,65.06,67.27,,507100.0
2007-09-10,67.46,68.23,65.72,66.65,,448300.0
2007-09-11,66.94,66.94,65.16,66.21,,913000.0
2007-09-12,66.08,66.29,63.23,63.53,,1020800.0
2007-09-13,63.59,63.68,61.15,62.31,,1142500.0
2007-09-14,61.16,66.5,61.14,65.65,,1807200.0
2007-09-17,65.94,67.01,65.08,66.1,,825200.0
2007-09-18,66.32,66.56,62.97,65.56,,1214000.0
2007-09-19,65.55,66.91,64.48,65.26,,1511200.0
2007-09-20,65.07,65.11,63.42,63.94,,1553100.0
2007-09-21,64.43,65.05,63.9,64.9,,3806100.0
2007-09-24,65.21,69.5,64.78,68.42,,2246500.0
2007-09-25,68.23,69.22,67.77,68.42,,1247100.0
2007-09-26,68.74,68.9,67.4,67.77,,559900.0
2007-09-27,68.35,70.26,68.13,68.83,,656600.0
2007-09-28,68.65,69.22,66.98,67.47,,447800.0
2007-10-01,67.31,70.14,67.31,69.97,,856000.0
2007-10-02,69.99,70.52,69.22,69.7,,524900.0
2007-10-03,69.26,70.74,68.46,70.31,,559100.0
2007-10-04,70.36,70.36,68.46,69.15,,549000.0
2007-10-05,69.98,71.5,69.59,71.21,,414400.0
2007-10-08,71.41,71.47,70.02,71.01,,199600.0
2007-10-09,71.07,72.79,70.81,72.25,,689100.0
2007-10-10,72.11,74.46,71.99,74.27,,888600.0
2007-10-11,74.8,74.9,72.95,73.52,,735500.0
2007-10-12,73.34,75.2,73.34,74.56,,443400.0
2007-10-15,74.41,75.5,74.08,74.91,,394500.0
2007-10-16,74.93,77.2,74.26,75.49,,750900.0
2007-10-17,76.37,78.33,76.08,77.28,,629800.0
2007-10-18,77.05,77.83,76.45,76.88,,450100.0
2007-10-19,76.88,77.11,74.49,74.69,,604700.0
2007-10-22,74.51,78.24,74.04,77.79,,607200.0
2007-10-23,78.35,80.68,77.11,80.53,,893700.0
2007-10-24,79.61,79.61,75.25,76.79,,901800.0
2007-10-25,77.35,77.59,73.73,73.79,,911200.0
2007-10-26,74.47,76.16,74.26,75.94,,748900.0
2007-10-29,76.27,77.96,75.57,77.6,,351400.0
2007-10-30,77.34,78.12,75.32,75.78,,737900.0
2007-10-31,85.73,92.14,85.2,88.74,,3758100.0
2007-11-01,88.57,89.76,85.62,86.98,,1071300.0
2007-11-02,87.58,89.06,84.73,87.24,,705000.0
2007-11-05,85.9,87.24,84.73,85.51,,591500.0
2007-11-06,85.98,86.77,84.57,86.48,,428700.0
2007-11-07,85.6,92.1,85.46,87.91,,1083700.0
2007-11-08,89.7,91.05,81.93,86.76,,977600.0
2007-11-09,85.4,86.28,82.82,83.0,,925100.0
2007-11-12,82.91,82.91,76.44,76.52,,877400.0
2007-11-13,78.47,82.85,78.05,82.61,,790600.0
2007-11-14,82.79,83.26,78.63,79.23,,528100.0
2007-11-15,79.01,79.26,75.97,76.83,,930100.0
2007-11-16,76.99,79.5,75.86,79.39,,803300.0
2007-11-19,78.27,79.16,75.55,76.84,,634700.0
2007-11-20,76.83,78.2,74.7,76.85,,508400.0
2007-11-21,76.25,77.83,74.68,76.43,,546400.0
2007-11-23,76.88,78.41,76.88,77.99,,196200.0
2007-11-26,78.43,80.63,75.98,76.05,,655500.0
2007-11-27,76.59,77.1,72.84,76.07,,868600.0
2007-11-28,78.34,81.38,77.22,80.92,,606300.0
2007-11-29,80.57,82.07,78.81,80.02,,405200.0
2007-11-30,81.33,82.15,78.58,79.2,,502900.0
2007-12-03,78.38,80.24,77.8,78.84,,399500.0
2007-12-04,77.32,79.16,76.47,77.17,,344300.0
2007-12-05,79.03,82.09,78.08,81.57,,719500.0
2007-12-06,81.58,84.41,80.31,84.03,,426900.0
2007-12-07,83.68,83.68,80.63,81.39,,443100.0
2007-12-10,81.76,82.98,79.29,79.38,,496600.0
2007-12-11,79.73,79.74,75.53,75.82,,962600.0
2007-12-12,77.79,79.18,74.17,75.54,,710500.0
2007-12-13,74.6,76.08,73.94,74.61,,567600.0
2007-12-14,73.68,77.03,73.12,75.0,,600200.0
2007-12-17,74.52,75.19,70.87,70.99,,398400.0
2007-12-18,71.79,74.55,71.43,73.63,,718500.0
2007-12-19,73.4,75.16,72.68,72.85,,451300.0
2007-12-20,73.25,74.59,72.83,74.46,,463300.0
2007-12-21,75.82,79.74,75.82,77.41,,1107900.0
2007-12-24,77.42,79.28,75.97,78.35,,127500.0
2007-12-26,77.8,80.24,76.94,79.59,,305400.0
2007-12-27,79.66,80.94,77.41,77.63,,323200.0
2007-12-28,78.42,79.58,77.02,77.67,,188600.0
2007-12-31,76.99,77.88,76.22,76.88,,266600.0
2008-01-02,76.11,78.15,74.17,75.02,,506100.0
2008-01-03,75.32,76.42,74.36,75.78,,583600.0
2008-01-04,74.65,76.4,72.01,72.01,,498300.0
2008-01-07,72.51,73.11,66.72,67.55,,1339900.0
2008-01-08,68.44,70.41,66.64,66.78,,1125900.0
2008-01-09,66.72,67.78,62.11,65.47,,1124200.0
2008-01-10,64.66,67.78,64.66,66.89,,1014300.0
2008-01-11,68.9,69.53,65.21,66.01,,1294300.0
2008-01-14,66.85,67.47,65.11,65.74,,783400.0
2008-01-15,64.68,65.02,63.59,63.87,,789600.0
2008-01-16,63.1,63.73,58.84,61.73,,1331100.0
2008-01-17,61.54,62.24,57.23,58.19,,1573200.0
2008-01-18,58.5,60.7,56.21,56.54,,1218000.0
2008-01-22,54.66,56.02,52.73,54.88,,1923400.0
2008-01-23,53.42,55.25,50.62,54.22,,1726400.0
2008-01-24,54.74,59.7,54.41,59.02,,1466900.0
2008-01-25,60.0,61.28,56.93,57.49,,1053600.0
2008-01-28,57.26,58.44,55.39,58.24,,507400.0
2008-01-29,58.48,58.79,55.77,56.03,,724800.0
2008-01-30,55.46,57.0,54.66,55.45,,777800.0
2008-01-31,54.34,58.47,54.34,57.45,,931900.0
2008-02-01,57.57,59.05,56.35,58.29,,938600.0
2008-02-04,57.97,59.3,56.55,57.11,,821700.0
2008-02-05,56.46,57.98,54.55,54.85,,1061500.0
2008-02-06,55.4,55.53,52.64,52.98,,660100.0
2008-02-07,52.89,54.12,51.13,52.91,,1161800.0
2008-02-08,55.02,55.17,51.5,52.71,,1164900.0
2008-02-11,52.62,53.93,51.01,53.77,,1782500.0
2008-02-12,54.16,57.43,53.82,55.26,,1147500.0
2008-02-13,56.21,56.67,54.78,55.34,,1747500.0
2008-02-14,60.85,61.99,58.55,58.69,,4740300.0
2008-02-15,58.03,58.38,56.18,56.98,,1172300.0
2008-02-19,57.51,57.63,54.4,54.75,,750400.0
2008-02-20,54.47,54.47,51.35,52.76,,1466900.0
2008-02-21,53.01,53.9,52.54,53.26,,1187200.0
2008-02-22,53.82,54.8,52.3,53.58,,1178400.0
2008-02-25,53.31,54.17,52.49,53.27,,918200.0
2008-02-26,52.81,53.63,52.31,53.13,,906200.0
2008-02-27,52.55,53.45,52.31,53.39,,832600.0
2008-02-28,53.25,55.45,53.09,54.82,,1499000.0
2008-02-29,53.93,54.37,52.16,52.75,,1039100.0
2008-03-03,52.3,52.87,51.26,51.83,,786500.0
2008-03-04,51.19,51.61,47.47,49.06,,1669700.0
2008-03-05,49.1,49.49,46.48,46.81,,2086000.0
2008-03-06,46.73,47.09,45.78,45.79,,1641800.0
2008-03-07,45.82,46.97,45.33,46.44,,1932000.0
2008-03-10,46.78,48.16,45.37,45.5,,1458900.0
2008-03-11,46.32,48.34,45.98,48.33,,1621000.0
2008-03-12,48.42,50.94,48.29,48.94,,1895700.0
2008-03-13,48.49,49.63,47.06,49.07,,898000.0
2008-03-14,49.11,51.48,47.85,49.06,,1519100.0
2008-03-17,47.92,48.36,45.15,46.07,,1214700.0
2008-03-18,46.09,49.34,45.39,48.59,,2258000.0
2008-03-19,48.61,48.61,45.68,46.04,,1036100.0
2008-03-20,46.34,46.36,43.56,43.95,,1963100.0
2008-03-24,44.12,50.78,44.12,49.17,,1756400.0
2008-03-25,49.28,52.0,48.87,51.97,,1494200.0
2008-03-26,51.62,52.96,51.41,52.34,,1610900.0
2008-03-27,52.64,52.99,51.62,51.86,,997700.0
2008-03-28,53.07,53.07,50.27,50.72,,774800.0
2008-03-31,50.7,51.35,50.06,50.58,,625100.0
2008-04-01,51.19,52.82,50.75,52.72,,951400.0
2008-04-02,52.6,55.53,52.57,53.83,,1334900.0
2008-04-03,53.24,54.19,52.29,53.7,,654300.0
2008-04-04,53.86,56.65,53.26,56.31,,1182100.0
2008-04-07,56.1,56.29,54.42,54.86,,726800.0
2008-04-08,54.1,55.58,53.51,55.32,,373900.0
2008-04-09,55.38,55.48,53.85,54.31,,525300.0
2008-04-10,54.4,57.15,53.73,56.42,,564900.0
2008-04-11,55.64,55.64,54.01,54.91,,613500.0
2008-04-14,54.43,54.91,53.27,53.68,,538800.0
2008-04-15,53.99,55.1,52.78,53.16,,654700.0
2008-04-16,53.86,56.21,53.48,56.02,,866500.0
2008-04-17,55.89,56.6,54.65,56.15,,753900.0
2008-04-18,57.7,60.4,57.49,60.24,,1679500.0
2008-04-21,60.35,62.7,59.98,62.43,,1586200.0
2008-04-22,62.07,62.46,60.15,60.52,,1904200.0
2008-04-23,61.49,62.52,59.65,61.83,,1768100.0
2008-04-24,68.14,69.29,65.65,65.82,,3979800.0
2008-04-25,66.1,68.51,65.42,68.29,,1204000.0
2008-04-28,67.75,71.12,67.52,70.76,,1338000.0
2008-04-29,70.75,71.35,68.06,68.55,,1567600.0
2008-04-30,68.59,70.45,67.34,68.78,,993400.0
2008-05-01,69.63,69.98,68.03,69.37,,634900.0
2008-05-02,69.98,71.44,67.36,68.35,,866000.0
2008-05-05,67.78,68.67,66.37,67.43,,949100.0
2008-05-06,66.89,67.48,66.34,67.2,,862300.0
2008-05-07,67.17,68.64,66.27,66.63,,677100.0
2008-05-08,66.78,67.78,66.68,67.44,,430000.0
2008-05-09,66.64,68.0,66.64,67.24,,461100.0
2008-05-12,67.6,68.03,66.01,67.84,,471500.0
2008-05-13,68.03,68.84,65.42,67.18,,726200.0
2008-05-14,67.31,68.82,67.01,67.16,,422800.0
2008-05-15,67.03,68.89,66.69,68.45,,361800.0
2008-05-16,68.82,68.88,66.29,67.78,,427100.0
2008-05-19,67.57,68.91,66.34,67.73,,650900.0
2008-05-20,67.29,68.71,66.96,68.28,,519600.0
2008-05-21,68.59,70.4,66.46,67.5,,917000.0
2008-05-22,68.02,68.02,64.05,66.56,,579700.0
2008-05-23,66.13,66.28,64.73,65.71,,294900.0
2008-05-27,65.72,68.01,65.72,67.71,,290300.0
2008-05-28,67.94,70.12,67.87,69.93,,884500.0
2008-05-29,69.85,74.14,69.85,71.37,,1117000.0
2008-05-30,71.57,73.05,71.53,72.64,,572000.0
2008-06-02,72.48,72.58,70.58,71.54,,589500.0
2008-06-03,71.53,73.71,71.51,73.6,,1106500.0
2008-06-04,73.28,75.38,72.62,74.27,,575000.0
2008-06-05,74.46,76.03,74.15,75.79,,573500.0
2008-06-06,75.21,75.73,73.87,74.27,,523400.0
2008-06-09,73.87,74.43,71.13,72.48,,765300.0
2008-06-10,72.15,72.46,69.82,70.85,,791800.0
2008-06-11,70.39,71.65,70.03,70.73,,623900.0
2008-06-12,71.44,73.26,70.83,71.34,,531300.0
2008-06-13,72.01,73.57,71.95,72.64,,706700.0
2008-06-16,72.22,73.29,71.56,72.48,,604200.0
2008-06-17,72.49,74.62,71.79,73.76,,482300.0
2008-06-18,73.7,75.89,73.7,74.49,,564600.0
2008-06-19,74.44,76.83,73.82,76.64,,868900.0
2008-06-20,76.33,76.62,72.46,73.43,,912900.0
2008-06-23,73.54,73.89,71.88,72.16,,599600.0
2008-06-24,71.72,72.27,69.31,69.66,,927600.0
2008-06-25,69.67,72.27,69.6,70.74,,652100.0
2008-06-26,69.4,69.54,65.56,67.56,,1480900.0
2008-06-27,67.53,69.18,65.27,68.96,,4422700.0
2008-06-30,69.1,69.1,67.38,67.87,,1199800.0
2008-07-01,67.02,67.02,63.84,65.4,,1698400.0
2008-07-02,65.13,66.51,63.83,64.67,,831000.0
2008-07-03,64.5,65.73,62.48,64.53,,572400.0
2008-07-07,64.16,66.37,62.44,63.52,,809300.0
2008-07-08,63.79,64.39,60.48,63.97,,1306500.0
2008-07-09,64.35,65.97,62.63,62.77,,812200.0
2008-07-10,62.52,63.81,61.24,62.91,,1321800.0
2008-07-11,63.34,66.55,62.05,65.08,,850100.0
2008-07-14,65.27,66.39,63.43,64.19,,580200.0
2008-07-15,64.46,68.14,63.14,66.42,,1376900.0
2008-07-16,66.89,69.74,65.49,69.29,,836100.0
2008-07-17,69.67,71.31,69.14,71.05,,1173500.0
2008-07-18,70.99,71.38,69.44,70.44,,676000.0
2008-07-21,71.03,71.03,69.05,69.52,,381900.0
2008-07-22,68.23,69.47,67.01,68.65,,1244800.0
2008-07-23,68.65,71.5,68.56,70.49,,1959200.0
2008-07-24,68.66,71.43,63.9,70.55,,3092900.0
2008-07-25,70.18,72.44,69.91,71.38,,1163200.0
2008-07-28,72.17,72.17,64.39,64.96,,2106800.0
2008-07-29,64.89,66.56,64.89,65.32,,1123500.0
2008-07-30,65.93,66.89,62.95,63.99,,1120800.0
2008-07-31,62.94,63.99,61.5,61.89,,1585900.0
2008-08-01,62.53,62.53,59.62,61.05,,1247300.0
2008-08-04,61.51,61.51,57.43,58.06,,1879000.0
2008-08-05,58.38,58.61,55.53,57.06,,2555400.0
2008-08-06,56.85,60.47,55.96,59.88,,1496100.0
2008-08-07,59.33,60.22,57.68,58.14,,1132600.0
2008-08-08,57.57,60.46,57.57,60.03,,908600.0
2008-08-11,59.04,64.14,59.04,62.09,,1531200.0
2008-08-12,61.81,62.11,58.41,58.95,,1154400.0
2008-08-13,59.22,59.24,57.19,58.32,,1237400.0
2008-08-14,57.23,60.09,57.06,59.81,,643400.0
2008-08-15,59.81,61.31,59.42,59.89,,850600.0
2008-08-18,59.93,60.27,58.19,59.02,,514400.0
2008-08-19,58.54,59.04,57.71,58.36,,639600.0
2008-08-20,58.5,58.73,57.28,57.84,,555200.0
2008-08-21,57.26,58.08,56.56,57.29,,627900.0
2008-08-22,57.49,58.88,57.45,58.46,,468800.0
2008-08-25,58.12,58.85,56.87,58.63,,692000.0
2008-08-26,58.57,59.93,57.66,58.92,,604300.0
2008-08-27,59.2,60.83,58.12,60.13,,746300.0
2008-08-28,60.85,61.47,60.04,61.05,,660900.0
2008-08-29,60.7,61.7,59.9,61.24,,684900.0
2008-09-02,61.78,62.88,60.77,61.58,,680400.0
2008-09-03,61.18,62.7,59.37,60.97,,879800.0
2008-09-04,60.85,61.09,58.25,58.95,,901400.0
2008-09-05,58.98,59.69,57.05,58.95,,850400.0
2008-09-08,60.62,60.82,56.84,58.96,,1131100.0
2008-09-09,59.33,60.61,55.98,56.35,,1052300.0
2008-09-10,56.66,56.67,52.06,55.28,,2690700.0
2008-09-11,54.72,58.05,53.96,57.88,,1624400.0
2008-09-12,56.95,58.94,56.44,58.52,,732500.0
2008-09-15,55.72,57.32,54.22,54.96,,1205700.0
2008-09-16,54.26,57.77,53.75,56.95,,1125400.0
2008-09-17,55.56,56.73,53.42,55.26,,1103600.0
2008-09-18,55.33,58.92,52.15,58.31,,1917000.0
2008-09-19,60.79,65.59,59.63,64.36,,2203900.0
2008-09-22,64.01,65.79,60.67,60.81,,554100.0
2008-09-23,60.51,62.56,58.0,58.16,,928000.0
2008-09-24,56.75,58.69,56.13,56.67,,788700.0
2008-09-25,56.98,59.01,56.6,58.09,,429000.0
2008-09-26,56.33,57.33,55.45,55.9,,696900.0
2008-09-29,55.01,55.01,48.27,49.98,,1451900.0
2008-09-30,51.98,53.89,50.47,52.84,,878800.0
2008-10-01,51.94,52.55,50.06,51.41,,679400.0
2008-10-02,50.78,52.11,49.4,49.67,,2065700.0
2008-10-03,49.76,51.24,47.0,47.15,,1742300.0
2008-10-06,44.14,45.1,41.21,43.73,,2195000.0
2008-10-07,43.87,45.06,41.02,41.25,,1342900.0
2008-10-08,40.67,45.23,40.02,43.31,,1597900.0
2008-10-09,44.03,45.88,40.54,41.84,,930900.0
2008-10-10,40.58,43.5,37.94,41.52,,1590900.0
2008-10-13,41.58,47.19,41.58,46.94,,1006800.0
2008-10-14,47.74,49.05,43.7,44.67,,1298400.0
2008-10-15,43.64,44.21,40.32,40.83,,588700.0
2008-10-16,40.61,41.25,36.7,41.05,,1310000.0
2008-10-17,40.19,45.0,39.93,43.14,,1297400.0
2008-10-20,44.45,47.44,43.82,46.74,,1129400.0
2008-10-21,46.67,46.67,43.68,44.69,,1110600.0
2008-10-22,44.42,44.5,40.22,40.95,,1457400.0
2008-10-23,43.42,44.33,37.8,40.32,,2824800.0
2008-10-24,37.93,42.02,35.75,40.32,,1975500.0
2008-10-27,39.88,41.08,38.81,39.3,,745600.0
2008-10-28,40.67,43.51,39.1,43.29,,1635200.0
2008-10-29,43.96,46.52,43.02,45.34,,1787800.0
2008-10-30,47.36,48.68,46.44,47.66,,1765800.0
2008-10-31,46.42,48.39,46.4,47.48,,809900.0
2008-11-03,47.54,49.25,47.15,47.82,,513500.0
2008-11-04,48.55,50.97,48.35,50.83,,1160800.0
2008-11-05,50.18,51.04,48.05,48.43,,803800.0
2008-11-06,48.86,50.19,44.96,45.44,,949200.0
2008-11-07,45.45,48.42,45.06,47.78,,814700.0
2008-11-10,48.18,49.27,46.33,47.05,,592600.0
2008-11-11,46.14,46.21,44.16,44.84,,903100.0
2008-11-12,43.85,44.14,39.13,39.74,,1682600.0
2008-11-13,39.7,41.61,35.71,41.55,,1947600.0
2008-11-14,41.16,42.26,39.46,40.25,,803000.0
2008-11-17,39.47,41.49,36.89,37.77,,1195400.0
2008-11-18,38.19,38.64,35.63,36.1,,1421500.0
2008-11-19,36.25,36.25,30.74,31.29,,2605800.0
2008-11-20,31.0,31.1,27.29,27.99,,3407800.0
2008-11-21,28.88,30.83,24.89,26.73,,2559000.0
2008-11-24,27.96,31.58,26.78,30.95,,1732400.0
2008-11-25,31.26,31.26,29.36,31.13,,1239500.0
2008-11-26,30.46,34.77,30.28,34.12,,1843000.0
2008-11-28,33.71,35.04,32.92,34.54,,403500.0
2008-12-01,33.57,34.95,31.42,31.48,,1328000.0
2008-12-02,32.5,33.83,31.23,31.83,,1319200.0
2008-12-03,31.22,35.47,30.91,35.11,,1657100.0
2008-12-04,34.03,36.83,33.97,35.37,,1379500.0
2008-12-05,34.58,37.43,33.87,36.97,,1226600.0
2008-12-08,37.72,40.28,37.62,39.67,,1538500.0
2008-12-09,39.31,39.84,37.12,38.29,,1158900.0
2008-12-10,38.76,39.22,37.69,38.16,,676600.0
2008-12-11,38.12,39.94,37.21,37.68,,1236100.0
2008-12-12,37.08,38.58,36.9,38.26,,615700.0
2008-12-15,38.09,39.06,36.47,37.81,,750700.0
2008-12-16,37.81,39.96,37.46,39.64,,961600.0
2008-12-17,38.58,42.32,38.25,41.79,,1287200.0
2008-12-18,42.32,43.07,40.17,40.98,,1134600.0
2008-12-19,40.94,41.85,40.42,41.14,,893200.0
2008-12-22,40.44,41.15,38.24,39.08,,736900.0
2008-12-23,39.69,40.45,38.23,39.05,,355300.0
2008-12-24,38.86,39.46,38.41,39.27,,161100.0
2008-12-26,39.05,40.02,38.88,39.78,,218500.0
2008-12-29,39.49,39.9,38.25,38.82,,556300.0
2008-12-30,39.37,39.92,38.38,39.92,,650800.0
2008-12-31,39.75,41.14,39.28,40.46,,652400.0
2009-01-02,40.79,43.81,39.94,43.79,,784700.0
2009-01-05,43.68,46.2,43.68,45.09,,1411000.0
2009-01-06,46.11,47.97,45.57,47.84,,1415500.0
2009-01-07,46.67,46.9,43.74,44.19,,1025000.0
2009-01-08,44.2,45.17,43.32,45.1,,683500.0
2009-01-09,45.23,46.18,43.7,44.11,,540700.0
2009-01-12,43.82,44.03,41.71,42.31,,515300.0
2009-01-13,42.64,44.23,42.33,42.87,,709200.0
2009-01-14,42.46,42.93,39.88,40.11,,760100.0
2009-01-15,39.92,40.89,37.65,40.02,,1261700.0
2009-01-16,41.01,41.5,39.63,40.86,,534400.0
2009-01-20,40.04,40.67,36.95,37.11,,694000.0
2009-01-21,37.83,40.58,37.69,40.5,,561200.0
2009-01-22,39.46,40.19,37.87,38.56,,702100.0
2009-01-23,37.83,40.24,37.17,39.49,,560000.0
2009-01-26,39.82,41.43,39.82,40.47,,572800.0
2009-01-27,40.48,41.78,39.97,40.59,,464000.0
2009-01-28,41.39,43.81,41.33,43.68,,941200.0
2009-01-29,43.03,44.64,42.48,42.72,,795900.0
2009-01-30,42.48,43.42,40.01,40.58,,745300.0
2009-02-02,40.74,42.21,39.77,41.73,,912200.0
2009-02-03,41.72,42.1,40.04,40.92,,875200.0
2009-02-04,41.7,42.68,41.2,41.66,,583800.0
2009-02-05,40.84,44.2,40.49,43.82,,924700.0
2009-02-06,44.08,46.6,43.82,46.18,,1013700.0
2009-02-09,45.96,46.44,45.36,46.28,,497600.0
2009-02-10,46.39,47.18,43.95,44.58,,1314100.0
2009-02-11,44.66,45.66,42.69,44.2,,1044500.0
2009-02-12,41.15,41.32,38.5,40.23,,4125100.0
2009-02-13,40.3,40.73,38.67,38.99,,1636800.0
2009-02-17,37.92,38.48,36.78,36.95,,1599400.0
2009-02-18,37.06,37.24,34.54,35.42,,1947800.0
2009-02-19,35.55,36.46,34.44,34.7,,1326900.0
2009-02-20,34.23,34.69,33.26,34.12,,1167700.0
2009-02-23,34.15,34.6,32.41,32.72,,1214300.0
2009-02-24,33.22,35.19,32.96,34.59,,1289600.0
2009-02-25,34.22,34.66,32.86,33.93,,1041500.0
2009-02-26,34.07,35.93,34.05,34.63,,1164500.0
2009-02-27,33.87,35.66,33.71,35.3,,1077900.0
2009-03-02,34.27,34.92,32.13,32.63,,1055400.0
2009-03-03,32.66,33.31,31.77,32.61,,1022500.0
2009-03-04,33.08,34.92,33.08,34.31,,1395300.0
2009-03-05,33.17,33.96,32.16,32.8,,977700.0
2009-03-06,32.89,32.91,31.46,32.67,,1471800.0
2009-03-09,32.21,33.74,31.92,32.15,,841000.0
2009-03-10,33.94,35.47,33.03,35.29,,1430900.0
2009-03-11,35.71,37.22,35.56,36.41,,1111100.0
2009-03-12,36.56,38.99,35.52,38.78,,1369900.0
2009-03-13,38.39,39.45,38.24,39.26,,957800.0
2009-03-16,39.24,39.46,37.91,38.03,,856900.0
2009-03-17,38.03,40.18,37.98,40.13,,760600.0
2009-03-18,40.03,42.09,39.18,41.31,,907300.0
2009-03-19,41.79,42.04,39.13,39.36,,1141300.0
2009-03-20,39.39,39.41,37.1,37.66,,1001200.0
2009-03-23,38.19,40.48,38.03,40.48,,1151800.0
2009-03-24,39.46,41.46,39.46,41.09,,778400.0
2009-03-25,40.24,43.69,40.24,42.8,,1312800.0
2009-03-26,41.84,43.89,41.84,43.88,,1018100.0
2009-03-27,42.7,44.15,42.08,43.47,,622100.0
2009-03-30,42.84,42.84,41.66,42.35,,642300.0
2009-03-31,42.61,44.06,42.29,42.71,,738700.0
2009-04-01,42.42,43.93,41.88,43.83,,943800.0
2009-04-02,44.27,47.4,44.27,47.03,,1378300.0
2009-04-03,47.41,48.93,46.54,48.4,,1220800.0
2009-04-06,47.81,47.93,45.9,46.87,,959300.0
2009-04-07,45.91,46.18,44.92,45.05,,1189000.0
2009-04-08,45.79,47.36,44.88,47.27,,949800.0
2009-04-09,47.92,48.87,47.92,48.52,,802400.0
2009-04-13,47.95,48.68,47.64,48.19,,706900.0
2009-04-14,47.67,48.39,46.26,47.12,,730100.0
2009-04-15,46.45,47.29,45.47,46.08,,754200.0
2009-04-16,47.16,49.0,46.65,48.61,,774000.0
2009-04-17,48.61,50.36,48.32,49.81,,1089200.0
2009-04-20,48.62,49.3,46.23,46.49,,738500.0
2009-04-21,46.19,47.85,45.79,47.5,,897700.0
2009-04-22,47.16,49.3,46.52,47.36,,1258700.0
2009-04-23,47.41,51.18,46.71,50.47,,2302900.0
2009-04-24,51.46,53.14,50.77,52.27,,1625100.0
2009-04-27,51.99,53.13,50.71,52.12,,1122900.0
2009-04-28,50.76,52.83,50.68,51.89,,718900.0
2009-04-29,52.81,54.51,52.56,53.54,,1024500.0
2009-04-30,54.62,55.2,52.08,53.42,,1069400.0
2009-05-01,52.9,54.62,52.53,54.28,,763200.0
2009-05-04,54.75,57.52,54.69,57.34,,1029500.0
2009-05-05,57.29,57.93,55.29,56.4,,1008100.0
2009-05-06,55.32,55.77,52.97,53.29,,1914700.0
2009-05-07,53.44,53.85,49.86,50.33,,1857900.0
2009-05-08,51.64,52.19,50.02,52.17,,918700.0
2009-05-11,50.91,51.96,50.35,51.42,,728300.0
2009-05-12,51.42,52.1,49.67,50.46,,874200.0
2009-05-13,49.63,50.47,49.23,49.29,,654000.0
2009-05-14,49.48,50.29,48.62,49.93,,902700.0
2009-05-15,49.41,50.21,48.45,48.71,,887000.0
2009-05-18,49.63,52.05,49.01,52.0,,1096100.0
2009-05-19,51.43,52.86,51.2,52.49,,909800.0
2009-05-20,52.38,55.15,52.38,53.31,,1353000.0
2009-05-21,52.89,52.89,51.17,51.87,,667600.0
2009-05-22,54.57,54.78,53.04,53.26,,1117500.0
2009-05-26,52.4,54.75,52.4,54.55,,681000.0
2009-05-27,54.41,56.11,53.51,54.72,,589400.0
2009-05-28,54.97,56.44,54.56,56.28,,846700.0
2009-05-29,55.85,56.78,55.0,56.6,,1258500.0
2009-06-01,56.08,58.41,56.08,58.18,,891600.0
2009-06-02,56.69,59.3,56.53,59.11,,1039400.0
2009-06-03,58.57,59.04,56.84,57.48,,924400.0
2009-06-04,58.25,58.44,56.87,57.74,,753800.0
2009-06-05,58.53,58.92,57.31,57.74,,822800.0
2009-06-08,54.56,55.13,53.8,54.59,,2021700.0
2009-06-09,54.5,55.73,53.39,55.15,,3434400.0
2009-06-10,54.7,55.96,53.9,54.85,,1194700.0
2009-06-11,55.26,55.96,54.72,55.6,,643900.0
2009-06-12,54.71,55.42,53.39,54.47,,917300.0
2009-06-15,53.66,54.21,52.9,53.19,,755300.0
2009-06-16,53.45,53.61,51.73,52.33,,654400.0
2009-06-17,52.07,53.32,50.83,52.63,,859500.0
2009-06-18,52.9,53.93,52.34,53.59,,662500.0
2009-06-19,54.36,55.04,54.07,54.85,,750100.0
2009-06-22,54.56,55.27,52.33,52.55,,953600.0
2009-06-23,52.67,52.96,51.42,51.8,,1072500.0
2009-06-24,52.68,53.17,51.97,52.43,,924100.0
2009-06-25,52.56,53.5,52.19,53.1,,1357400.0
2009-06-26,53.1,53.93,52.59,53.78,,1277200.0
2009-06-29,53.47,54.49,52.3,52.55,,1107900.0
2009-06-30,53.02,55.89,52.86,55.33,,6282300.0
2009-07-01,55.54,56.4,55.31,55.31,,1291100.0
2009-07-02,54.66,54.82,53.97,54.34,,947300.0
2009-07-06,54.01,54.24,52.63,54.02,,779000.0
2009-07-07,53.7,53.83,52.01,52.22,,1136200.0
2009-07-08,52.18,52.42,48.45,51.11,,3484100.0
2009-07-09,51.21,51.7,49.98,51.15,,1538200.0
2009-07-10,50.94,51.73,50.68,51.37,,636200.0
2009-07-13,51.52,52.33,50.55,52.3,,783700.0
2009-07-14,52.28,53.8,51.71,53.67,,883400.0
2009-07-15,54.54,55.98,54.54,55.74,,1098600.0
2009-07-16,55.41,57.01,55.2,56.53,,611300.0
2009-07-17,56.77,56.96,55.71,56.41,,596600.0
2009-07-20,56.63,58.41,56.31,58.14,,978800.0
2009-07-21,58.49,59.17,57.0,58.29,,853100.0
2009-07-22,58.17,59.48,57.49,59.02,,1194300.0
2009-07-23,60.85,61.2,60.1,60.31,,2017900.0
2009-07-24,59.94,60.38,59.16,60.3,,864600.0
2009-07-27,60.12,60.47,59.02,60.35,,539100.0
2009-07-28,59.75,60.69,59.24,59.54,,707700.0
2009-07-29,59.56,60.7,59.2,60.52,,1067200.0
2009-07-30,61.6,62.9,61.36,61.55,,877100.0
2009-07-31,61.62,62.7,61.27,62.17,,581400.0
2009-08-03,61.62,63.12,61.62,63.05,,599100.0
2009-08-04,62.85,63.36,61.27,61.94,,1247300.0
2009-08-05,61.96,62.86,61.35,62.58,,706100.0
2009-08-06,62.24,63.04,61.36,61.99,,459200.0
2009-08-07,62.76,63.14,61.97,62.79,,461800.0
2009-08-10,62.11,63.01,61.42,62.17,,381900.0
2009-08-11,62.37,62.37,61.14,61.59,,437900.0
2009-08-12,61.85,62.58,61.85,62.02,,329500.0
2009-08-13,62.38,62.79,61.24,62.2,,322100.0
2009-08-14,62.22,62.37,60.76,61.17,,424100.0
2009-08-17,60.08,61.01,59.48,59.83,,611800.0
2009-08-18,60.63,61.9,60.03,61.52,,656900.0
2009-08-19,60.73,62.27,60.51,61.91,,468700.0
2009-08-20,61.85,64.24,61.42,64.03,,814300.0
2009-08-21,64.57,66.32,64.36,66.16,,895500.0
2009-08-24,65.97,67.43,65.63,65.97,,702400.0
2009-08-25,66.67,67.21,65.54,65.64,,328400.0
2009-08-26,65.84,65.84,63.64,64.62,,691300.0
2009-08-27,64.66,64.66,62.93,64.52,,526700.0
2009-08-28,65.5,65.62,63.57,64.45,,271500.0
2009-08-31,63.93,64.23,62.88,64.18,,405300.0
2009-09-01,63.52,65.21,62.09,62.4,,664700.0
2009-09-02,62.09,62.54,61.81,62.37,,401500.0
2009-09-03,62.29,63.37,62.0,63.24,,334100.0
2009-09-04,63.13,64.18,62.89,63.83,,342400.0
2009-09-08,64.22,64.45,63.41,63.92,,454500.0
2009-09-09,63.69,66.23,63.49,66.02,,502400.0
2009-09-10,65.72,66.78,65.72,66.58,,389400.0
2009-09-11,66.52,68.07,66.06,67.94,,598800.0
2009-09-14,67.31,67.75,66.91,67.69,,375000.0
2009-09-15,69.08,69.2,68.16,68.85,,749800.0
2009-09-16,69.44,72.13,68.93,71.83,,926500.0
2009-09-17,71.31,72.19,70.81,71.35,,462700.0
2009-09-18,71.61,71.85,69.67,69.77,,571200.0
2009-09-21,69.68,71.09,69.09,70.52,,330400.0
2009-09-22,70.99,71.19,69.24,70.27,,458700.0
2009-09-23,70.29,70.92,69.41,69.81,,310100.0
2009-09-24,69.72,69.85,68.06,68.77,,411100.0
2009-09-25,68.45,69.31,67.72,68.09,,305300.0
2009-09-28,68.46,70.45,68.26,69.43,,271300.0
2009-09-29,69.16,69.7,68.52,69.37,,241300.0
2009-09-30,69.15,70.39,67.84,69.98,,368200.0
2009-10-01,69.97,70.33,67.72,67.99,,495000.0
2009-10-02,67.53,67.78,66.94,67.1,,407200.0
2009-10-05,67.18,68.45,66.47,68.31,,276900.0
2009-10-06,68.68,70.74,68.45,70.66,,725100.0
2009-10-07,70.67,72.4,69.98,72.36,,837400.0
2009-10-08,72.39,74.55,72.08,72.58,,895700.0
2009-10-09,72.2,73.03,72.11,72.74,,396600.0
2009-10-12,73.66,73.66,71.77,72.25,,374700.0
2009-10-13,72.39,73.31,72.39,73.15,,265800.0
2009-10-14,73.77,74.68,73.72,74.43,,473700.0
2009-10-15,73.66,74.54,73.32,74.43,,563200.0
2009-10-16,74.02,75.54,74.0,75.09,,463000.0
2009-10-19,74.84,75.69,74.55,74.84,,453100.0
2009-10-20,75.35,75.75,74.26,74.69,,414000.0
2009-10-21,74.59,76.22,74.13,74.36,,853600.0
2009-10-22,72.8,75.91,71.36,71.62,,3671700.0
2009-10-23,71.5,71.76,69.37,70.2,,1333400.0
2009-10-26,69.94,71.66,69.24,69.72,,859900.0
2009-10-27,69.69,69.98,68.34,68.93,,978400.0
2009-10-28,68.01,68.89,66.42,66.84,,1108500.0
2009-10-29,67.69,68.16,66.65,66.84,,876600.0
2009-10-30,66.72,67.05,64.9,64.9,,1061300.0
2009-11-02,64.96,66.17,64.35,65.9,,1162300.0
2009-11-03,65.59,67.7,65.05,67.63,,760400.0
2009-11-04,68.65,70.08,68.41,68.62,,855800.0
2009-11-05,69.41,70.36,68.27,70.0,,627700.0
2009-11-06,69.14,72.03,68.1,71.73,,962800.0
2009-11-09,72.63,73.25,71.82,72.84,,843200.0
2009-11-10,72.27,73.71,71.92,72.67,,642400.0
2009-11-11,72.93,74.05,72.38,72.8,,478200.0
2009-11-12,73.07,73.63,71.58,71.79,,430400.0
2009-11-13,71.92,72.49,71.37,72.34,,294200.0
2009-11-16,72.71,74.28,72.61,73.92,,420900.0
2009-11-17,72.96,74.15,72.45,73.47,,332900.0
2009-11-18,73.22,73.43,72.65,73.33,,469400.0
2009-11-19,73.11,73.18,71.38,72.52,,543500.0
2009-11-20,72.24,72.27,71.43,72.23,,406700.0
2009-11-23,72.87,74.28,72.49,73.53,,484400.0
2009-11-24,73.16,73.56,72.44,73.56,,360000.0
2009-11-25,73.65,74.35,72.69,74.15,,469200.0
2009-11-27,72.11,74.55,71.11,74.0,,356800.0
2009-11-30,73.71,73.99,71.98,73.17,,495600.0
2009-12-01,74.46,76.11,73.17,75.86,,926500.0
2009-12-02,75.86,76.73,74.9,75.03,,555800.0
2009-12-03,75.46,77.77,75.31,76.56,,699600.0
2009-12-04,76.97,78.69,76.01,76.72,,733900.0
2009-12-07,76.14,77.54,75.87,76.88,,418400.0
2009-12-08,76.44,78.73,75.16,77.99,,633800.0
2009-12-09,77.88,78.66,77.21,78.37,,523100.0
2009-12-10,78.71,78.77,77.21,77.35,,387600.0
2009-12-11,77.91,78.11,77.05,77.31,,875700.0
2009-12-14,77.48,80.37,77.21,80.37,,583400.0
2009-12-15,80.4,81.51,79.25,80.64,,821900.0
2009-12-16,80.71,82.26,80.47,80.91,,584400.0
2009-12-17,80.98,80.98,79.35,79.58,,419100.0
2009-12-18,80.53,81.15,78.61,81.01,,923800.0
2009-12-21,81.55,82.15,81.06,81.63,,463000.0
2009-12-22,81.64,81.64,80.37,81.44,,251300.0
2009-12-23,81.45,82.15,81.34,81.97,,285100.0
2009-12-24,81.8,82.46,81.48,82.24,,68200.0
2009-12-28,82.46,83.07,81.8,82.12,,350200.0
2009-12-29,82.02,82.48,81.56,82.15,,195500.0
2009-12-30,81.63,82.5,81.09,81.27,,344700.0
2009-12-31,81.2,81.68,80.75,80.75,,374200.0
2010-01-04,81.03,83.39,81.02,83.34,,576300.0
2010-01-05,83.36,83.36,82.44,82.56,,681900.0
2010-01-06,82.88,84.11,82.32,83.32,,1397500.0
2010-01-07,83.11,83.94,81.12,81.61,,797200.0
2010-01-08,81.24,81.61,80.56,81.22,,432400.0
2010-01-11,81.37,82.27,81.17,81.89,,568400.0
2010-01-12,81.09,81.89,78.32,78.57,,948100.0
2010-01-13,77.78,79.39,77.78,78.41,,704100.0
2010-01-14,78.59,79.7,78.59,79.2,,954700.0
2010-01-15,79.4,79.48,77.25,77.67,,814600.0
2010-01-19,78.11,79.23,77.29,79.06,,616400.0
2010-01-20,78.24,79.13,77.57,78.69,,411500.0
2010-01-21,78.5,80.83,78.44,78.63,,788700.0
2010-01-22,78.5,79.31,75.06,75.32,,1259200.0
2010-01-25,75.89,76.91,75.38,76.14,,550500.0
2010-01-26,75.61,76.21,75.13,75.66,,657900.0
2010-01-27,75.23,75.75,74.41,75.5,,713500.0
2010-01-28,75.44,75.44,72.92,74.36,,380100.0
2010-01-29,74.64,75.85,73.03,73.2,,715000.0
2010-02-01,73.55,74.41,72.49,72.91,,1243200.0
2010-02-02,72.96,73.97,72.02,73.47,,1431100.0
2010-02-03,73.42,74.01,72.48,73.03,,737000.0
2010-02-04,72.52,72.84,70.4,70.53,,997600.0
2010-02-05,70.65,70.84,68.83,70.74,,877000.0
2010-02-08,70.74,71.03,69.8,69.8,,633300.0
2010-02-09,70.72,71.2,69.66,70.75,,994900.0
2010-02-10,70.54,71.74,70.29,70.75,,1237200.0
2010-02-11,70.92,72.82,69.35,72.44,,2107900.0
2010-02-12,71.89,72.97,70.9,72.94,,934600.0
2010-02-16,73.01,73.11,72.02,72.84,,753400.0
2010-02-17,72.9,73.22,72.16,73.16,,502500.0
2010-02-18,72.58,73.43,71.75,72.29,,560000.0
2010-02-19,71.95,72.62,71.88,72.27,,492000.0
2010-02-22,72.14,72.25,71.29,71.89,,535400.0
2010-02-23,71.58,72.12,70.84,70.92,,827100.0
2010-02-24,71.29,72.19,71.0,72.14,,554400.0
2010-02-25,71.37,71.8,70.52,71.76,,862400.0
2010-02-26,71.93,71.93,71.19,71.86,,642000.0
2010-03-01,72.26,74.48,71.87,74.4,,835300.0
2010-03-02,74.44,75.36,74.13,74.71,,609800.0
2010-03-03,74.68,75.13,73.77,73.89,,612300.0
2010-03-04,73.85,75.31,73.76,75.12,,505000.0
2010-03-05,75.29,78.5,74.83,78.15,,1460100.0
2010-03-08,78.41,79.29,77.89,78.06,,841800.0
2010-03-09,78.02,78.21,77.21,77.82,,519400.0
2010-03-10,77.61,78.74,77.13,78.4,,785900.0
2010-03-11,78.14,79.45,77.9,79.45,,552700.0
2010-03-12,79.52,79.95,78.98,79.23,,527000.0
2010-03-15,78.97,79.67,77.38,77.64,,794400.0
2010-03-16,77.39,78.07,77.1,77.6,,455200.0
2010-03-17,77.85,80.05,77.83,79.46,,614800.0
2010-03-18,79.72,79.83,78.71,79.01,,353200.0
2010-03-19,79.28,79.56,77.75,78.11,,573100.0
2010-03-22,77.82,78.05,76.94,77.55,,930400.0
2010-03-23,77.46,78.14,76.69,77.6,,1527000.0
2010-03-24,76.99,77.96,75.71,76.14,,1484000.0
2010-03-25,76.77,76.77,75.19,75.27,,953700.0
2010-03-26,75.53,75.53,73.17,73.37,,1181700.0
2010-03-29,73.42,74.67,73.16,73.86,,955000.0
2010-03-30,74.03,74.81,73.97,74.52,,539600.0
2010-03-31,74.1,74.8,73.8,74.05,,645100.0
2010-04-01,74.8,76.07,74.5,75.23,,776200.0
2010-04-05,75.06,77.99,74.97,77.29,,662300.0
2010-04-06,77.2,78.35,76.05,77.17,,887500.0
2010-04-07,76.99,77.72,76.6,77.31,,532500.0
2010-04-08,77.29,77.79,76.23,77.51,,345700.0
2010-04-09,77.51,78.29,77.07,78.09,,459300.0
2010-04-12,77.83,78.35,77.61,78.34,,502900.0
2010-04-13,77.84,78.21,76.4,76.99,,827400.0
2010-04-14,76.58,77.29,76.32,77.1,,642600.0
2010-04-15,77.16,77.8,76.4,76.42,,471800.0
2010-04-16,75.9,76.55,75.27,75.78,,747700.0
2010-04-19,75.32,75.64,73.4,74.43,,1214600.0
2010-04-20,74.65,75.69,74.49,75.51,,514400.0
2010-04-21,75.06,77.46,75.06,76.54,,819300.0
2010-04-22,73.77,74.97,70.9,73.09,,2774700.0
2010-04-23,73.42,73.44,72.11,72.83,,541900.0
2010-04-26,75.26,79.02,75.26,78.51,,2289700.0
2010-04-27,77.9,79.22,77.1,77.85,,1085700.0
2010-04-28,77.97,78.01,74.67,76.14,,1127500.0
2010-04-29,76.54,77.18,74.79,77.1,,786500.0
2010-04-30,77.29,77.29,76.14,76.56,,1232600.0
2010-05-03,76.27,78.62,76.27,78.57,,1085300.0
2010-05-04,77.77,78.01,75.77,76.18,,1235300.0
2010-05-05,75.66,75.68,70.84,72.35,,2809200.0
2010-05-06,72.04,73.5,66.9,70.33,,2054700.0
2010-05-07,70.33,70.95,68.04,69.56,,1315500.0
2010-05-10,72.62,75.48,72.57,74.84,,2054500.0
2010-05-11,74.3,75.86,74.09,74.93,,1029600.0
2010-05-12,75.47,76.07,74.84,75.5,,756700.0
2010-05-13,75.22,81.73,75.18,77.35,,3444100.0
2010-05-14,76.83,77.42,74.97,75.8,,958800.0
2010-05-17,75.95,76.49,74.18,75.11,,512900.0
2010-05-18,75.31,75.85,72.87,73.46,,722600.0
2010-05-19,73.43,74.92,72.5,73.66,,823400.0
2010-05-20,72.08,72.77,70.02,70.19,,1313900.0
2010-05-21,69.56,71.28,68.86,70.11,,1217500.0
2010-05-24,69.84,70.93,69.54,69.61,,775200.0
2010-05-25,68.35,69.27,66.83,69.1,,714200.0
2010-05-26,69.56,71.7,69.3,69.48,,884800.0
2010-05-27,71.1,71.63,69.98,71.48,,678400.0
2010-05-28,71.14,71.92,69.03,69.99,,962200.0
2010-06-01,69.16,70.34,67.45,67.5,,1069700.0
2010-06-02,67.4,69.66,67.34,69.57,,1031400.0
2010-06-03,69.56,70.91,69.25,69.35,,932800.0
2010-06-04,68.43,68.75,65.97,66.1,,1379600.0
2010-06-07,65.88,66.3,62.73,62.99,,1719600.0
2010-06-08,62.94,62.94,59.88,61.52,,2224500.0
2010-06-09,63.74,66.37,62.73,63.21,,2227200.0
2010-06-10,63.9,64.51,63.31,64.35,,1456800.0
2010-06-11,64.16,65.02,63.21,64.39,,1169200.0
2010-06-14,64.74,65.0,62.51,62.71,,1360400.0
2010-06-15,62.87,64.74,62.68,64.7,,1490000.0
2010-06-16,64.63,66.43,64.45,65.46,,1623400.0
2010-06-17,65.36,65.78,63.89,64.24,,701200.0
2010-06-18,63.95,64.58,63.57,64.56,,813800.0
2010-06-21,64.98,65.75,64.36,64.71,,1815700.0
2010-06-22,64.65,64.9,63.12,63.2,,921500.0
2010-06-23,63.11,63.91,62.5,63.7,,1163500.0
2010-06-24,63.59,63.59,62.72,63.05,,1169100.0
2010-06-25,63.16,64.35,62.85,63.97,,996700.0
2010-06-28,64.09,64.23,63.24,63.52,,789300.0
2010-06-29,62.76,62.88,60.19,60.44,,892300.0
2010-06-30,60.47,62.79,60.22,61.78,,888000.0
2010-07-01,61.17,61.86,59.52,60.39,,986000.0
2010-07-02,60.54,60.73,59.62,59.86,,431900.0
2010-07-06,60.85,61.53,59.22,59.77,,450200.0
2010-07-07,58.47,60.98,58.03,60.41,,2129700.0
2010-07-08,60.98,63.0,60.85,62.75,,1346200.0
2010-07-09,62.55,63.9,61.36,63.61,,730400.0
2010-07-12,63.25,63.62,61.92,62.6,,517400.0
2010-07-13,63.27,64.92,62.88,64.6,,922900.0
2010-07-14,64.78,65.16,63.99,64.81,,1318500.0
2010-07-15,64.69,65.54,63.91,65.44,,995000.0
2010-07-16,64.92,65.28,62.41,62.56,,1039100.0
2010-07-19,62.92,63.38,62.34,63.18,,459300.0
2010-07-20,62.3,64.34,61.59,64.18,,543600.0
2010-07-21,64.38,64.96,64.16,64.45,,742900.0
2010-07-22,65.0,66.2,64.86,65.81,,748900.0
2010-07-23,65.72,67.74,64.78,67.56,,1078900.0
2010-07-26,67.59,69.19,67.57,69.1,,1075500.0
2010-07-27,69.56,70.2,67.77,68.8,,1269400.0
2010-07-28,68.75,69.21,66.54,66.99,,1122600.0
2010-07-29,69.56,71.69,69.26,71.37,,2699700.0
2010-07-30,70.14,71.38,69.18,71.13,,1448500.0
2010-08-02,71.5,71.63,70.65,71.51,,933000.0
2010-08-03,71.16,71.65,70.83,71.54,,838700.0
2010-08-04,71.73,72.04,71.35,71.68,,684800.0
2010-08-05,71.46,71.88,70.8,71.5,,953200.0
2010-08-06,70.77,71.95,70.25,71.03,,1575700.0
2010-08-09,71.52,72.07,70.74,71.41,,677800.0
2010-08-10,70.68,71.99,69.78,71.73,,708000.0
2010-08-11,70.41,71.15,68.93,69.0,,974000.0
2010-08-12,69.21,69.21,67.82,68.43,,734500.0
2010-08-13,68.07,69.0,68.07,68.33,,415300.0
2010-08-16,67.8,69.1,67.33,68.52,,578600.0
2010-08-17,68.96,69.69,68.44,68.89,,433400.0
2010-08-18,68.74,69.44,68.26,68.82,,369100.0
2010-08-19,68.34,69.03,67.96,68.59,,766300.0
2010-08-20,68.27,68.6,68.12,68.48,,588300.0
2010-08-23,68.67,68.85,68.29,68.46,,690400.0
2010-08-24,67.53,68.83,67.53,67.69,,1138000.0
2010-08-25,67.32,68.93,67.28,68.64,,855000.0
2010-08-26,68.83,69.79,67.56,67.89,,471000.0
2010-08-27,68.49,69.67,67.47,69.5,,559700.0
2010-08-30,68.99,69.5,68.77,68.9,,479500.0
2010-08-31,68.22,69.83,68.21,69.38,,580200.0
2010-09-01,69.98,72.27,69.71,71.28,,655800.0
2010-09-02,70.93,73.22,70.5,72.99,,622200.0
2010-09-03,73.13,74.1,72.43,73.74,,563300.0
2010-09-07,73.15,73.68,72.07,72.19,,232800.0
2010-09-08,72.26,73.06,71.92,71.96,,535100.0
2010-09-09,72.27,73.09,71.85,72.46,,368400.0
2010-09-10,72.73,72.77,71.72,71.91,,388400.0
2010-09-13,72.5,73.81,72.0,73.13,,548500.0
2010-09-14,73.2,73.2,72.54,72.86,,481700.0
2010-09-15,72.37,73.59,72.37,72.82,,364800.0
2010-09-16,72.9,73.31,72.11,72.42,,400200.0
2010-09-17,72.46,74.3,71.98,73.57,,1165300.0
2010-09-20,73.82,74.93,73.41,74.71,,550800.0
2010-09-21,74.65,75.79,74.17,75.72,,679600.0
2010-09-22,75.32,75.7,74.89,75.34,,402200.0
2010-09-23,74.65,77.76,74.65,76.55,,932200.0
2010-09-24,77.77,78.66,77.42,77.77,,793300.0
2010-09-27,77.95,79.0,77.81,77.99,,875900.0
2010-09-28,77.99,78.66,76.53,78.47,,617800.0
2010-09-29,77.8,79.18,77.8,78.59,,440500.0
2010-09-30,78.73,79.44,76.82,77.86,,515700.0
2010-10-01,78.05,78.59,77.02,78.23,,588900.0
2010-10-04,78.0,78.53,76.59,76.91,,565400.0
2010-10-05,77.56,79.94,77.54,79.94,,4947900.0
2010-10-06,60.44,61.45,52.81,53.51,,30574200.0
2010-10-07,54.58,57.55,53.7,57.05,,11092800.0
2010-10-08,57.05,58.17,55.57,56.99,,3856900.0
2010-10-11,57.05,57.24,55.23,55.49,,2429500.0
2010-10-12,55.4,56.74,54.82,56.3,,1474600.0
2010-10-13,56.86,57.61,56.34,56.5,,1504600.0
2010-10-14,56.36,57.2,55.76,55.94,,1312700.0
2010-10-15,56.34,56.68,55.64,56.25,,1885800.0
2010-10-18,56.39,57.43,56.01,57.1,,1513900.0
2010-10-19,56.64,58.8,56.02,57.36,,2437700.0
2010-10-20,57.41,58.0,56.68,57.33,,1082300.0
2010-10-21,57.45,57.85,56.33,56.5,,1212100.0
2010-10-22,56.64,57.38,56.52,57.19,,674000.0
2010-10-25,57.33,57.81,56.65,56.9,,1357500.0
2010-10-26,56.38,58.79,56.2,58.26,,2969100.0
2010-10-27,60.85,63.3,60.32,63.14,,4337400.0
2010-10-28,63.75,63.89,62.61,63.03,,1475600.0
2010-10-29,63.02,64.35,62.95,64.08,,1229200.0
2010-11-01,64.17,64.38,62.76,63.05,,909600.0
2010-11-02,63.49,64.83,63.25,64.57,,909400.0
2010-11-03,64.55,65.02,63.22,64.22,,754100.0
2010-11-04,64.89,65.41,63.86,64.19,,1621800.0
2010-11-05,64.04,64.26,62.82,63.34,,2310300.0
2010-11-08,62.89,65.27,62.89,64.6,,848300.0
2010-11-09,64.76,65.42,63.14,63.45,,1175800.0
2010-11-10,63.37,64.25,62.54,63.84,,1145100.0
2010-11-11,63.33,66.09,62.09,65.26,,1267100.0
2010-11-12,64.67,64.88,62.91,63.73,,1092600.0
2010-11-15,63.69,64.22,63.06,63.28,,734800.0
2010-11-16,62.78,63.46,61.56,61.74,,1093800.0
2010-11-17,62.09,62.96,61.43,61.9,,651100.0
2010-11-18,62.76,63.59,62.22,62.24,,1076200.0
2010-11-19,62.56,63.08,61.97,62.69,,765000.0
2010-11-22,62.48,63.1,62.26,62.77,,867400.0
2010-11-23,62.19,62.72,60.97,61.51,,1019000.0
2010-11-24,62.04,62.63,60.68,61.1,,1498000.0
2010-11-26,60.69,61.34,60.27,60.82,,422700.0
2010-11-29,60.69,61.71,59.84,60.35,,920600.0
2010-11-30,59.72,60.03,58.92,59.03,,1392200.0
2010-12-01,59.96,61.0,59.96,60.55,,1167000.0
2010-12-02,60.54,62.17,60.51,62.01,,1053300.0
2010-12-03,61.58,62.98,61.36,62.83,,823600.0
2010-12-06,62.6,64.05,62.59,63.82,,933900.0
2010-12-07,64.84,65.15,64.03,64.13,,1221400.0
2010-12-08,64.37,64.71,62.89,63.7,,1018200.0
2010-12-09,64.2,64.48,63.07,63.43,,797200.0
2010-12-10,63.71,65.24,63.56,64.53,,1117100.0
2010-12-13,64.81,65.57,64.24,64.45,,768800.0
2010-12-14,64.66,64.81,63.8,64.14,,594400.0
2010-12-15,64.14,64.85,63.27,63.32,,901200.0
2010-12-16,63.34,64.06,62.98,63.54,,773200.0
2010-12-17,63.65,64.08,60.7,61.83,,2561200.0
2010-12-20,61.96,62.44,60.76,62.21,,1021200.0
2010-12-21,62.38,62.45,61.86,61.94,,643200.0
2010-12-22,61.9,62.16,61.13,61.35,,611600.0
2010-12-23,61.32,61.69,61.01,61.54,,562400.0
2010-12-27,61.52,61.74,60.94,61.65,,256200.0
2010-12-28,61.52,61.68,60.79,60.8,,302100.0
2010-12-29,60.89,62.0,59.93,61.77,,780700.0
2010-12-30,61.77,63.33,61.77,62.27,,666400.0
2010-12-31,62.35,62.53,61.44,61.81,,444900.0
2011-01-03,62.55,64.43,62.2,63.49,,1110000.0
2011-01-04,63.91,63.95,62.0,62.64,,599500.0
2011-01-05,62.68,63.43,62.48,63.02,,800800.0
2011-01-06,62.92,63.43,62.19,62.38,,1128600.0
2011-01-07,62.6,62.79,61.67,62.51,,727400.0
2011-01-10,62.45,65.55,62.29,65.33,,1309400.0
2011-01-11,65.63,67.25,65.63,66.26,,916900.0
2011-01-12,66.56,66.91,65.72,66.55,,579300.0
2011-01-13,66.67,66.93,65.9,66.22,,310600.0
2011-01-14,66.23,66.83,65.96,66.72,,372000.0
2011-01-18,66.56,67.7,66.48,67.51,,774200.0
2011-01-19,67.43,67.43,65.05,65.8,,676800.0
2011-01-20,63.72,65.6,63.72,64.76,,1051100.0
2011-01-21,65.3,66.03,64.53,64.75,,881600.0
2011-01-24,66.12,67.75,65.38,67.55,,1193100.0
2011-01-25,67.48,68.0,66.26,66.89,,843100.0
2011-01-26,67.12,67.95,66.35,66.6,,561900.0
2011-01-27,66.72,67.22,66.35,66.7,,1020600.0
2011-01-28,70.52,70.76,66.93,67.56,,2320000.0
2011-01-31,67.69,67.74,66.04,67.26,,677000.0
2011-02-01,67.66,68.45,67.63,67.98,,693600.0
2011-02-02,67.76,69.82,67.18,68.8,,1077400.0
2011-02-03,68.62,69.87,68.37,69.06,,698200.0
2011-02-04,69.35,70.33,68.29,69.63,,508100.0
2011-02-07,69.84,70.46,69.64,70.31,,678500.0
2011-02-08,70.49,70.6,67.86,68.71,,1848100.0
2011-02-09,68.06,68.59,67.18,67.43,,1610400.0
2011-02-10,66.18,71.24,65.84,70.22,,3667500.0
2011-02-11,70.04,70.95,68.96,69.41,,1320700.0
2011-02-14,69.53,69.91,68.71,68.8,,577900.0
2011-02-15,68.72,70.4,68.64,69.58,,628300.0
2011-02-16,69.71,69.84,68.98,69.55,,493400.0
2011-02-17,67.83,70.09,67.44,69.09,,1390400.0
2011-02-18,69.38,70.01,68.97,69.21,,878900.0
2011-02-22,68.34,68.51,66.8,67.24,,1201300.0
2011-02-23,67.14,67.54,64.57,65.75,,1039900.0
2011-02-24,65.61,66.64,65.02,65.64,,922300.0
2011-02-25,66.0,67.32,66.0,66.55,,927800.0
2011-02-28,66.78,67.15,65.36,65.75,,792200.0
2011-03-01,66.0,66.48,64.28,64.82,,1141400.0
2011-03-02,64.56,65.08,62.7,64.11,,1002600.0
2011-03-03,64.66,65.68,64.63,64.8,,693600.0
2011-03-04,64.91,64.91,63.78,64.14,,773700.0
2011-03-07,64.48,64.96,63.14,63.84,,718400.0
2011-03-08,63.8,65.02,63.41,64.45,,908900.0
2011-03-09,64.44,65.27,63.91,64.86,,804400.0
2011-03-10,64.66,65.24,64.0,64.6,,929200.0
2011-03-11,64.16,65.03,63.47,64.45,,518700.0
2011-03-14,64.07,64.88,63.54,64.28,,498800.0
2011-03-15,63.18,64.46,62.52,64.02,,708400.0
2011-03-16,63.87,65.1,63.18,63.65,,712200.0
2011-03-17,64.44,64.99,63.75,64.14,,459000.0
2011-03-18,64.86,65.56,64.41,64.67,,704300.0
2011-03-21,65.24,65.95,64.62,64.77,,617800.0
2011-03-22,64.73,65.24,64.14,64.59,,409100.0
2011-03-23,64.57,65.19,64.1,64.89,,418500.0
2011-03-24,65.3,65.97,64.76,65.46,,774100.0
2011-03-25,65.66,66.61,65.15,65.98,,709700.0
2011-03-28,65.99,66.83,65.84,66.48,,491100.0
2011-03-29,66.26,66.58,65.87,66.26,,616400.0
2011-03-30,66.83,69.87,66.5,69.21,,1490100.0
2011-03-31,69.15,69.33,68.16,69.3,,745600.0
2011-04-01,69.64,70.56,68.96,70.26,,749700.0
2011-04-04,70.39,70.88,70.2,70.58,,353700.0
2011-04-05,70.41,71.31,69.85,70.08,,596200.0
2011-04-06,70.39,70.77,69.79,70.36,,421700.0
2011-04-07,70.19,71.35,69.87,70.54,,379000.0
2011-04-08,70.74,70.97,70.52,70.94,,329000.0
2011-04-11,70.99,71.38,70.1,70.53,,495200.0
2011-04-12,69.93,70.4,68.9,69.54,,537900.0
2011-04-13,69.83,70.76,69.47,69.67,,595600.0
2011-04-14,69.41,70.08,68.98,69.98,,581000.0
2011-04-15,69.53,70.49,69.07,70.16,,784500.0
2011-04-18,69.22,70.58,68.81,70.17,,554500.0
2011-04-19,70.26,70.45,69.48,70.1,,902200.0
2011-04-20,70.84,72.24,70.73,71.57,,757700.0
2011-04-21,72.04,72.27,70.61,71.08,,449600.0
2011-04-25,70.93,71.4,70.4,71.23,,471700.0
2011-04-26,71.2,71.6,70.77,71.34,,507200.0
2011-04-27,72.65,73.48,70.9,73.48,,1523000.0
2011-04-28,76.07,79.42,74.77,75.4,,2900000.0
2011-04-29,76.38,77.7,75.06,76.57,,1047500.0
2011-05-02,76.58,76.58,74.87,75.12,,557700.0
2011-05-03,74.79,75.35,73.7,74.62,,519200.0
2011-05-04,74.59,75.16,73.37,74.11,,815100.0
2011-05-05,73.62,76.72,73.62,75.45,,1400000.0
2011-05-06,76.61,76.98,75.31,75.95,,638200.0
2011-05-09,75.97,77.23,75.32,76.43,,413900.0
2011-05-10,76.52,77.67,76.35,77.13,,507200.0
2011-05-11,76.73,77.9,76.32,76.92,,736300.0
2011-05-12,76.52,77.54,76.16,76.97,,522000.0
2011-05-13,77.01,77.56,76.33,76.38,,473200.0
2011-05-16,76.27,77.11,75.19,75.48,,503400.0
2011-05-17,75.34,75.69,74.7,75.42,,626500.0
2011-05-18,75.7,76.15,75.22,75.78,,395600.0
2011-05-19,76.27,76.82,75.46,76.4,,425800.0
2011-05-20,76.4,77.22,75.95,76.65,,541400.0
2011-05-23,75.5,75.87,74.55,74.94,,575400.0
2011-05-24,75.27,75.86,74.7,75.33,,352800.0
2011-05-25,75.12,75.98,74.61,75.35,,389800.0
2011-05-26,75.0,76.05,74.64,75.84,,505600.0
2011-05-27,76.11,76.9,75.61,76.53,,608700.0
2011-05-31,76.97,77.26,76.35,77.13,,478800.0
2011-06-01,77.14,77.54,75.59,75.74,,428800.0
2011-06-02,75.22,76.63,74.65,76.57,,360500.0
2011-06-03,75.44,76.31,74.46,75.13,,423900.0
2011-06-06,74.8,75.51,73.76,73.88,,610000.0
2011-06-07,74.4,75.14,73.79,74.43,,486800.0
2011-06-08,74.43,74.7,73.78,73.89,,479300.0
2011-06-09,74.11,74.96,73.85,74.43,,350900.0
2011-06-10,74.4,74.65,72.73,73.47,,437000.0
2011-06-13,73.55,74.2,73.15,73.21,,416600.0
2011-06-14,74.03,75.18,73.61,74.99,,440500.0
2011-06-15,74.23,74.93,72.97,73.09,,614500.0
2011-06-16,73.02,74.02,72.36,72.61,,517600.0
2011-06-17,73.39,74.42,72.59,72.9,,903400.0
2011-06-20,72.79,73.88,72.53,73.4,,417800.0
2011-06-21,73.64,76.01,73.47,75.79,,797500.0
2011-06-22,75.76,76.86,75.2,75.86,,549200.0
2011-06-23,75.09,76.07,74.52,75.87,,540200.0
2011-06-24,75.73,76.56,75.0,75.25,,471300.0
2011-06-27,75.09,75.99,74.27,75.19,,450700.0
2011-06-28,75.34,76.37,75.16,75.87,,524500.0
2011-06-29,76.25,76.9,76.07,76.57,,400400.0
2011-06-30,76.59,77.28,76.08,76.84,,492900.0
2011-07-01,76.69,77.72,73.47,77.51,,720200.0
2011-07-05,77.26,77.97,77.19,77.82,,606300.0
2011-07-06,77.6,78.59,77.24,78.57,,829200.0
2011-07-07,79.03,79.26,78.32,78.47,,357000.0
2011-07-08,77.57,80.06,77.37,79.58,,619600.0
2011-07-11,78.43,79.1,76.95,77.34,,556600.0
2011-07-12,77.03,77.57,76.84,77.07,,446000.0
2011-07-13,77.32,78.4,76.81,77.02,,319800.0
2011-07-14,77.1,77.55,74.02,74.75,,649200.0
2011-07-15,75.14,75.5,74.47,75.36,,380000.0
2011-07-18,75.11,75.39,73.22,74.75,,542200.0
2011-07-19,75.3,77.13,75.3,76.6,,307900.0
2011-07-20,76.84,79.07,76.22,76.82,,651300.0
2011-07-21,77.04,77.8,76.36,76.72,,349800.0
2011-07-22,76.67,77.46,75.72,77.26,,465200.0
2011-07-25,76.66,76.95,75.72,75.79,,306000.0
2011-07-26,76.05,76.72,75.69,76.1,,410200.0
2011-07-27,75.76,75.92,73.49,74.0,,1085800.0
2011-07-28,79.68,81.39,77.81,80.53,,2470200.0
2011-07-29,79.61,80.36,78.89,79.47,,1015500.0
2011-08-01,80.37,80.63,78.0,79.34,,742800.0
2011-08-02,79.27,79.27,75.39,75.53,,1170700.0
2011-08-03,75.92,76.3,73.35,76.15,,688000.0
2011-08-04,74.87,74.96,71.6,71.63,,1349900.0
2011-08-05,72.56,73.94,69.41,70.1,,1445300.0
2011-08-08,63.55,67.89,63.28,63.71,,2297000.0
2011-08-09,64.8,68.76,64.2,68.57,,1465500.0
2011-08-10,66.83,68.36,66.11,66.25,,867900.0
2011-08-11,66.28,69.98,66.28,69.23,,1155600.0
2011-08-12,69.62,69.8,68.21,68.99,,659500.0
2011-08-15,69.51,70.87,69.13,70.82,,548500.0
2011-08-16,69.97,70.16,68.81,69.29,,518100.0
2011-08-17,70.3,71.78,69.64,69.98,,798500.0
2011-08-18,67.88,68.3,63.46,64.26,,1839000.0
2011-08-19,63.97,65.96,62.29,62.77,,1106000.0
2011-08-22,64.18,64.96,61.5,62.4,,907900.0
2011-08-23,62.69,67.28,62.61,66.99,,1096800.0
2011-08-24,66.74,68.37,66.08,66.84,,648200.0
2011-08-25,67.3,67.79,64.55,64.7,,697400.0
2011-08-26,64.49,67.97,64.34,67.54,,1063300.0
2011-08-29,68.58,70.36,68.27,70.2,,722200.0
2011-08-30,69.68,72.95,69.62,72.15,,914600.0
2011-08-31,73.02,73.62,70.61,71.54,,768000.0
2011-09-01,71.71,72.23,70.36,70.43,,414600.0
2011-09-02,69.07,69.76,68.42,69.14,,599500.0
2011-09-06,67.04,68.68,65.91,68.51,,726700.0
2011-09-07,69.65,70.52,68.99,70.36,,364800.0
2011-09-08,69.91,70.91,68.62,69.13,,613100.0
2011-09-09,68.3,68.48,65.69,66.68,,826900.0
2011-09-12,66.05,69.08,65.94,68.95,,856300.0
2011-09-13,69.11,71.33,68.28,70.36,,776100.0
2011-09-14,70.98,71.88,69.65,70.62,,825500.0
2011-09-15,71.44,73.19,71.04,72.6,,896500.0
2011-09-16,72.54,73.67,72.4,73.1,,1106500.0
2011-09-19,71.84,72.77,71.64,72.41,,649000.0
2011-09-20,72.81,73.21,71.8,72.06,,711200.0
2011-09-21,71.92,72.9,71.35,71.79,,916100.0
2011-09-22,69.58,70.45,68.42,70.22,,1125500.0
2011-09-23,69.76,70.14,66.71,68.44,,1046900.0
2011-09-26,68.67,69.0,65.84,68.81,,1067100.0
2011-09-27,70.04,72.04,69.76,70.15,,775200.0
2011-09-28,70.49,71.14,67.04,67.22,,750800.0
2011-09-29,68.16,69.11,65.48,66.75,,673700.0
2011-09-30,65.95,68.62,65.47,67.57,,1176000.0
2011-10-03,67.02,68.22,63.15,64.1,,1147000.0
2011-10-04,63.33,67.69,62.7,67.55,,1188600.0
2011-10-05,67.35,69.98,65.62,69.59,,971400.0
2011-10-06,69.48,69.73,67.82,69.63,,662200.0
2011-10-07,70.13,70.36,68.55,69.28,,444700.0
2011-10-10,70.61,72.12,70.1,71.59,,358000.0
2011-10-11,71.26,72.91,71.18,71.63,,459100.0
2011-10-12,72.16,72.87,71.85,72.17,,584600.0
2011-10-13,71.99,72.92,71.11,72.68,,289600.0
2011-10-14,73.63,74.57,72.48,73.81,,546000.0
2011-10-17,73.47,74.03,72.06,72.27,,488400.0
2011-10-18,72.29,73.05,70.92,72.71,,751900.0
2011-10-19,72.74,73.94,71.74,71.98,,415000.0
2011-10-20,71.95,72.15,69.37,71.61,,510900.0
2011-10-21,72.46,73.47,71.66,72.43,,369400.0
2011-10-24,72.74,75.69,72.74,74.81,,570400.0
2011-10-25,74.13,74.63,73.03,73.6,,545400.0
2011-10-26,73.92,74.27,70.94,74.12,,1061700.0
2011-10-27,74.83,77.83,72.0,77.23,,2464800.0
2011-10-28,76.52,77.12,74.99,75.33,,997400.0
2011-10-31,74.25,74.46,72.87,73.03,,907500.0
2011-11-01,70.93,71.68,68.67,70.75,,1120900.0
2011-11-02,71.78,72.32,70.36,71.02,,403300.0
2011-11-03,71.9,72.55,70.58,72.27,,588300.0
2011-11-04,71.54,72.84,70.74,72.33,,514400.0
2011-11-07,72.3,73.25,71.89,72.78,,384800.0
2011-11-08,73.73,75.45,72.84,74.72,,725100.0
2011-11-09,72.86,73.38,70.6,70.68,,587900.0
2011-11-10,71.77,71.95,69.49,69.76,,697100.0
2011-11-11,71.09,75.58,70.8,75.35,,1346800.0
2011-11-14,74.75,76.68,73.88,74.27,,691800.0
2011-11-15,73.75,75.97,73.75,75.63,,407300.0
2011-11-16,75.06,76.56,74.3,74.92,,515700.0
2011-11-17,75.87,78.5,75.55,75.89,,1332700.0
2011-11-18,76.51,76.64,75.31,75.81,,927300.0
2011-11-21,74.56,75.29,73.49,74.62,,542900.0
2011-11-22,74.59,75.99,73.81,75.37,,361900.0
2011-11-23,74.65,74.65,72.96,73.22,,365500.0
2011-11-25,73.03,73.98,72.88,73.02,,152400.0
2011-11-28,74.77,75.93,74.01,74.54,,509900.0
2011-11-29,74.57,74.9,73.41,73.79,,698200.0
2011-11-30,75.88,76.58,75.22,76.08,,793000.0
2011-12-01,75.59,77.92,75.58,77.58,,969700.0
2011-12-02,77.95,77.97,76.2,77.46,,446400.0
2011-12-05,78.3,79.53,77.47,78.79,,633300.0
2011-12-06,78.64,79.0,76.78,77.96,,452100.0
2011-12-07,77.3,78.3,76.73,77.51,,351900.0
2011-12-08,76.84,78.06,76.53,76.76,,533800.0
2011-12-09,76.91,79.55,76.47,79.27,,571700.0
2011-12-12,78.11,78.48,77.53,77.8,,654200.0
2011-12-13,77.68,78.51,76.76,77.23,,616100.0
2011-12-14,76.87,76.91,74.04,74.84,,671200.0
2011-12-15,75.52,75.58,74.26,74.6,,506300.0
2011-12-16,74.91,76.02,74.46,75.24,,1238200.0
2011-12-19,75.6,76.34,74.84,75.68,,626000.0
2011-12-20,77.04,78.32,76.51,77.92,,487100.0
2011-12-21,77.46,77.46,74.77,75.55,,715800.0
2011-12-22,75.81,77.76,75.79,77.45,,443700.0
2011-12-23,77.52,78.37,77.52,78.01,,177900.0
2011-12-27,77.62,78.56,77.0,78.09,,203400.0
2011-12-28,77.94,77.97,76.43,76.78,,286400.0
2011-12-29,77.0,77.74,76.75,77.19,,242700.0
2011-12-30,77.19,77.99,76.95,77.13,,257600.0
2012-01-03,78.42,79.38,76.1,77.01,,706300.0
2012-01-04,76.4,76.81,75.31,76.75,,664100.0
2012-01-05,76.43,80.1,76.43,79.68,,1240000.0
2012-01-06,79.45,80.02,78.54,79.81,,465200.0
2012-01-09,79.87,83.16,79.04,81.96,,1191200.0
2012-01-10,82.5,84.89,81.93,84.0,,1411400.0
2012-01-11,83.93,85.33,83.68,84.8,,814800.0
2012-01-12,84.73,85.73,84.36,85.64,,703300.0
2012-01-13,85.25,85.68,84.56,85.62,,868900.0
2012-01-17,85.83,87.38,85.63,86.32,,1254100.0
2012-01-18,86.52,86.94,85.2,85.92,,1071700.0
2012-01-19,86.53,87.48,86.28,86.41,,858600.0
2012-01-20,86.41,88.33,85.9,88.33,,1260400.0
2012-01-23,88.24,88.69,86.39,87.49,,1462300.0
2012-01-24,87.46,89.19,86.36,88.22,,922900.0
2012-01-25,88.39,89.76,87.12,89.67,,751700.0
2012-01-26,89.84,92.61,89.76,91.13,,2187600.0
2012-01-27,90.6,92.52,90.29,92.07,,1407300.0
2012-01-30,91.37,91.37,89.4,90.83,,916400.0
2012-01-31,91.76,92.04,90.54,91.25,,711100.0
2012-02-01,92.16,92.99,90.54,92.48,,1280100.0
2012-02-02,92.55,93.59,92.01,93.11,,846300.0
2012-02-03,93.85,95.51,93.37,94.47,,1164100.0
2012-02-06,94.29,95.19,93.34,94.25,,758900.0
2012-02-07,94.78,98.26,94.23,98.13,,1935800.0
2012-02-08,97.37,98.84,95.69,98.84,,1675000.0
2012-02-09,98.89,99.67,98.47,99.61,,1330700.0
2012-02-10,98.68,98.85,97.63,97.73,,977600.0
2012-02-13,98.79,99.26,96.48,98.48,,996400.0
2012-02-14,98.62,99.76,97.57,98.08,,1344100.0
2012-02-15,97.73,99.13,96.41,96.93,,1449800.0
2012-02-16,98.93,105.74,98.4,101.83,,2999900.0
2012-02-17,101.91,102.39,100.48,102.39,,1462300.0
2012-02-21,99.7,102.53,99.68,102.51,,1533100.0
2012-02-22,102.24,103.36,101.57,102.56,,853300.0
2012-02-23,101.95,104.01,100.96,103.87,,998600.0
2012-02-24,103.63,105.77,103.27,105.58,,1116900.0
2012-02-27,104.53,106.12,103.37,105.96,,782600.0
2012-02-28,105.84,107.02,104.64,105.77,,984400.0
2012-02-29,105.67,108.78,104.74,106.63,,1412900.0
2012-03-01,107.39,108.64,106.51,108.22,,1391500.0
2012-03-02,107.88,108.41,104.86,105.61,,1537700.0
2012-03-05,104.75,106.24,104.08,104.57,,1468200.0
2012-03-06,103.35,103.64,102.05,102.47,,1093900.0
2012-03-07,102.4,104.62,102.4,104.21,,1012300.0
2012-03-08,104.81,106.95,104.5,106.02,,877300.0
2012-03-09,106.03,106.66,104.99,105.26,,751100.0
2012-03-12,105.77,106.85,104.69,105.74,,731700.0
2012-03-13,106.25,107.37,105.09,106.98,,1263100.0
2012-03-14,106.93,107.99,106.13,107.81,,1112600.0
2012-03-15,107.68,108.42,106.75,107.63,,562000.0
2012-03-16,107.45,108.01,106.95,107.84,,1126000.0
2012-03-19,108.12,108.89,106.95,106.97,,718300.0
2012-03-20,106.31,107.33,105.03,107.1,,754200.0
2012-03-21,107.85,111.66,107.85,111.1,,1412200.0
2012-03-22,108.66,111.21,108.28,111.12,,1268200.0
2012-03-23,110.8,112.09,109.62,112.03,,729500.0
2012-03-26,112.35,115.86,112.35,115.3,,1369200.0
2012-03-27,115.49,116.0,114.55,115.52,,962800.0
2012-03-28,115.69,118.95,114.86,118.71,,1575800.0
2012-03-29,117.8,118.29,116.22,117.75,,998000.0
2012-03-30,118.74,121.33,116.54,119.77,,1839000.0
2012-04-02,118.7,120.93,117.91,120.68,,1618700.0
2012-04-03,120.94,122.9,120.18,121.63,,1637200.0
2012-04-04,119.52,120.12,117.54,119.05,,1751900.0
2012-04-05,118.29,120.13,118.17,119.54,,1037800.0
2012-04-09,118.05,119.6,116.37,118.59,,702800.0
2012-04-10,118.63,119.08,113.89,114.1,,1543700.0
2012-04-11,115.32,117.92,114.8,116.01,,1134500.0
2012-04-12,116.76,119.05,116.16,118.7,,922600.0
2012-04-13,118.38,118.92,116.79,118.37,,648200.0
2012-04-16,119.12,119.43,116.75,117.14,,623100.0
2012-04-17,118.99,120.58,117.77,120.04,,1019100.0
2012-04-18,119.42,120.45,119.42,119.97,,507900.0
2012-04-19,120.3,121.88,117.69,119.24,,791900.0
2012-04-20,119.43,120.18,116.0,116.0,,860600.0
2012-04-23,114.97,115.37,112.22,115.12,,860800.0
2012-04-24,114.86,115.53,112.09,112.35,,720600.0
2012-04-25,114.04,117.33,113.7,113.7,,1894500.0
2012-04-26,126.27,131.17,122.49,128.77,,5355700.0
2012-04-27,128.56,130.47,127.61,128.69,,895900.0
2012-04-30,128.15,128.15,124.62,124.9,,902000.0
2012-05-01,125.03,126.72,123.88,124.08,,1572700.0
2012-05-02,123.89,124.6,122.04,124.11,,932100.0
2012-05-03,124.53,124.94,120.35,121.66,,1148200.0
2012-05-04,121.12,122.85,119.05,120.9,,601200.0
2012-05-07,119.69,121.31,118.83,119.69,,691000.0
2012-05-08,117.9,120.33,115.37,119.78,,1194000.0
2012-05-09,118.74,121.2,116.99,120.94,,611700.0
2012-05-10,121.09,122.46,119.81,121.43,,777000.0
2012-05-11,120.7,124.8,120.42,123.28,,790500.0
2012-05-14,122.04,123.23,119.62,120.79,,1034000.0
2012-05-15,121.02,125.57,120.54,124.04,,1202200.0
2012-05-16,124.25,126.14,121.95,122.01,,1795900.0
2012-05-17,122.53,123.61,115.75,116.42,,1889200.0
2012-05-18,116.8,119.57,111.64,112.44,,1921900.0
2012-05-21,112.72,120.0,111.43,119.5,,1733200.0
2012-05-22,119.65,121.38,117.59,118.26,,860100.0
2012-05-23,117.48,122.21,116.94,122.06,,1365900.0
2012-05-24,123.09,123.23,118.93,120.17,,997900.0
2012-05-25,120.52,122.49,119.63,120.13,,473300.0
2012-05-29,121.43,127.28,121.12,127.28,,1800000.0
2012-05-30,125.79,126.25,122.09,123.63,,1101800.0
2012-05-31,124.54,125.41,121.44,124.08,,2792400.0
2012-06-01,121.36,122.49,117.27,118.1,,1501900.0
2012-06-04,118.0,120.32,117.67,120.06,,677100.0
2012-06-05,119.98,121.33,119.27,120.48,,615400.0
2012-06-06,121.9,125.12,120.9,124.88,,952500.0
2012-06-07,126.12,126.75,122.6,123.0,,666800.0
2012-06-08,122.38,127.35,121.5,127.06,,1039900.0
2012-06-11,128.02,130.19,125.73,126.05,,944700.0
2012-06-12,126.93,128.96,125.54,128.61,,669500.0
2012-06-13,128.62,129.2,125.47,126.63,,920300.0
2012-06-14,127.0,129.43,126.65,129.11,,1299600.0
2012-06-15,130.05,134.0,128.88,133.51,,2062300.0
2012-06-18,133.32,135.72,131.71,133.2,,1597600.0
2012-06-19,134.56,135.05,126.65,129.23,,2512500.0
2012-06-20,129.4,134.44,125.36,130.78,,1981600.0
2012-06-21,130.9,131.71,126.29,127.61,,1170800.0
2012-06-22,128.08,128.51,126.42,126.77,,775200.0
2012-06-25,124.84,126.8,123.23,126.31,,623600.0
2012-06-26,126.33,130.44,125.33,129.89,,982500.0
2012-06-27,130.9,132.1,128.24,129.99,,507500.0
2012-06-28,128.46,129.4,125.76,127.99,,690600.0
2012-06-29,130.78,134.85,130.15,133.61,,1090800.0
2012-07-02,133.9,135.63,131.96,134.28,,618600.0
2012-07-03,134.28,136.32,132.88,134.93,,280400.0
2012-07-05,134.12,135.74,132.89,134.66,,485400.0
2012-07-06,133.25,134.31,130.46,132.6,,526700.0
2012-07-09,133.2,133.46,128.75,129.55,,929600.0
2012-07-10,130.78,132.21,126.7,127.53,,890400.0
2012-07-11,127.94,128.56,124.94,127.22,,874500.0
2012-07-12,126.29,128.35,125.13,127.75,,869600.0
2012-07-13,127.86,130.01,127.38,129.02,,429700.0
2012-07-16,128.97,130.37,128.47,129.48,,406600.0
2012-07-17,129.98,130.63,126.37,130.17,,521200.0
2012-07-18,129.73,130.18,124.75,126.38,,1378900.0
2012-07-19,123.66,127.58,122.78,126.3,,1660700.0
2012-07-20,126.29,129.21,125.97,127.73,,740000.0
2012-07-23,124.5,125.19,120.93,123.6,,1076700.0
2012-07-24,124.05,124.54,122.1,123.03,,891700.0
2012-07-25,123.13,124.52,122.16,122.75,,1342300.0
2012-07-26,131.09,139.72,130.85,138.37,,3314100.0
2012-07-27,138.51,143.98,136.92,142.07,,1247000.0
2012-07-30,139.3,140.54,135.3,138.13,,1202200.0
2012-07-31,137.73,138.07,135.08,135.54,,735100.0
2012-08-01,136.41,137.6,133.08,133.21,,732200.0
2012-08-02,133.12,135.26,131.87,134.19,,593200.0
2012-08-03,136.42,137.81,134.91,136.33,,446900.0
2012-08-06,137.1,138.2,135.4,135.74,,317300.0
2012-08-07,135.36,137.34,133.47,136.41,,568100.0
2012-08-08,136.35,138.45,135.43,137.31,,571000.0
2012-08-09,136.84,139.35,136.57,138.54,,477000.0
2012-08-10,138.17,139.05,136.82,138.82,,269400.0
2012-08-13,138.45,138.45,136.28,138.1,,265500.0
2012-08-14,138.45,138.79,136.8,137.27,,398800.0
2012-08-15,136.12,140.37,136.07,140.18,,381000.0
2012-08-16,139.77,141.24,139.03,140.89,,624200.0
2012-08-17,141.14,143.65,140.35,143.49,,851700.0
2012-08-20,144.53,147.16,144.07,145.29,,1355900.0
2012-08-21,145.44,147.94,144.57,145.34,,1398600.0
2012-08-22,141.85,147.24,141.6,146.58,,1038700.0
2012-08-23,146.55,147.87,145.18,146.74,,870200.0
2012-08-24,146.74,147.65,144.64,147.2,,420500.0
2012-08-27,147.57,150.49,147.16,149.2,,1239900.0
2012-08-28,148.37,150.87,147.75,150.66,,752300.0
2012-08-29,150.76,154.54,150.06,151.96,,997800.0
2012-08-30,151.18,151.24,148.03,149.44,,692400.0
2012-08-31,150.77,150.98,148.11,150.35,,455800.0
2012-09-04,150.43,151.33,149.54,150.9,,769400.0
2012-09-05,150.41,151.16,148.62,150.38,,748200.0
2012-09-06,150.62,154.21,149.88,153.48,,567600.0
2012-09-07,152.9,153.58,150.06,150.21,,710700.0
2012-09-10,150.08,151.03,147.15,147.89,,659300.0
2012-09-11,148.03,149.41,140.93,143.83,,1612800.0
2012-09-12,144.69,145.25,140.78,141.91,,1719400.0
2012-09-13,159.75,161.27,151.38,152.52,,6341800.0
2012-09-14,153.28,155.94,148.35,148.55,,1369800.0
2012-09-17,148.15,148.55,146.98,147.95,,707200.0
2012-09-18,146.47,151.19,145.15,150.58,,1159000.0
2012-09-19,150.25,151.92,149.95,150.53,,634700.0
2012-09-20,149.44,150.02,148.01,148.5,,513900.0
2012-09-21,150.11,153.11,149.36,151.74,,1705200.0
2012-09-24,153.54,153.54,151.76,152.18,,915500.0
2012-09-25,152.27,153.66,150.06,150.46,,858100.0
2012-09-26,150.73,152.52,150.45,151.79,,699300.0
2012-09-27,151.95,155.55,151.81,155.48,,740600.0
2012-09-28,154.78,157.96,154.56,156.74,,897200.0
2012-10-01,157.03,158.05,154.46,154.59,,658300.0
2012-10-02,154.95,155.86,152.29,153.31,,512700.0
2012-10-03,154.17,154.49,152.14,153.42,,467100.0
2012-10-04,153.54,155.43,152.63,153.89,,498300.0
2012-10-05,154.53,155.64,151.38,151.96,,781000.0
2012-10-08,152.14,155.1,150.82,152.85,,377400.0
2012-10-09,152.37,152.37,149.48,150.67,,406100.0
2012-10-10,150.71,151.47,145.11,145.64,,1075600.0
2012-10-11,147.19,147.57,142.41,143.52,,1305500.0
2012-10-12,143.22,145.15,142.96,144.68,,715200.0
2012-10-15,145.41,148.2,144.68,145.75,,942600.0
2012-10-16,146.19,147.54,145.54,146.74,,469600.0
2012-10-17,146.43,146.74,144.01,145.84,,570800.0
2012-10-18,145.38,146.3,141.31,141.69,,853800.0
2012-10-19,141.69,142.61,137.85,139.08,,1429600.0
2012-10-22,138.84,141.06,138.32,139.88,,840000.0
2012-10-23,137.93,142.47,137.66,141.32,,619700.0
2012-10-24,141.56,142.86,139.97,140.82,,493600.0
2012-10-25,144.34,146.04,134.43,139.81,,2247600.0
2012-10-26,140.4,142.76,135.94,138.32,,1418500.0
2012-10-31,138.19,138.45,135.8,137.37,,718500.0
2012-11-01,136.89,142.37,136.72,139.65,,1407600.0
2012-11-02,145.93,149.84,144.44,144.53,,2617500.0
2012-11-05,143.93,144.53,136.69,139.36,,2708800.0
2012-11-06,140.27,140.73,137.11,137.69,,948200.0
2012-11-07,136.41,137.16,132.55,133.44,,1210200.0
2012-11-08,133.55,134.18,130.85,131.52,,1562500.0
2012-11-09,130.98,135.05,130.65,133.35,,681300.0
2012-11-12,133.14,135.46,132.28,133.78,,484000.0
2012-11-13,132.66,136.03,132.66,133.73,,889800.0
2012-11-14,133.9,135.12,131.6,132.12,,654400.0
2012-11-15,132.02,133.77,129.86,133.25,,985300.0
2012-11-16,133.22,136.37,132.56,136.08,,871800.0
2012-11-19,136.16,139.19,136.16,139.13,,885700.0
2012-11-20,139.05,141.94,138.54,140.39,,606700.0
2012-11-21,140.78,142.15,139.68,140.76,,445800.0
2012-11-23,140.73,142.1,140.62,142.07,,220900.0
2012-11-26,141.62,142.85,139.94,141.09,,770400.0
2012-11-27,140.8,141.52,138.53,138.97,,1023600.0
2012-11-28,138.88,139.41,136.87,139.2,,617400.0
2012-11-29,140.12,142.25,139.0,141.31,,632100.0
2012-11-30,140.97,142.1,140.07,141.31,,736000.0
2012-12-03,141.61,143.01,139.64,140.51,,656400.0
2012-12-04,140.52,140.66,137.93,139.19,,566600.0
2012-12-05,138.7,139.15,136.7,137.66,,581300.0
2012-12-06,138.08,143.72,137.85,142.14,,1078100.0
2012-12-07,141.59,144.76,140.84,144.29,,898500.0
2012-12-10,143.59,147.92,143.51,147.63,,1231600.0
2012-12-11,148.46,151.6,147.38,150.81,,1873400.0
2012-12-12,151.14,152.14,150.05,150.68,,1103000.0
2012-12-13,150.87,152.11,148.76,150.24,,565400.0
2012-12-14,150.29,151.58,149.63,151.04,,669700.0
2012-12-17,150.63,153.47,150.63,153.26,,804600.0
2012-12-18,153.47,156.74,153.47,154.59,,852300.0
2012-12-19,155.52,155.78,153.0,154.02,,539700.0
2012-12-20,156.4,156.4,152.3,155.17,,673200.0
2012-12-21,152.24,155.21,149.7,154.08,,2651100.0
2012-12-24,154.04,154.91,152.05,154.29,,219500.0
2012-12-26,153.88,154.84,151.56,153.43,,318800.0
2012-12-27,153.86,156.15,151.87,155.35,,572900.0
2012-12-28,154.49,156.22,153.67,154.59,,415600.0
2012-12-31,155.58,158.92,153.83,156.85,,800600.0
2013-01-02,160.68,163.97,160.01,163.56,,1086000.0
2013-01-03,162.76,164.62,160.98,161.35,,629100.0
2013-01-04,161.54,164.04,161.34,163.75,,701800.0
2013-01-07,162.03,166.67,161.3,166.42,,620900.0
2013-01-08,166.35,166.35,162.5,163.71,,671400.0
2013-01-09,162.85,167.24,162.85,165.71,,490400.0
2013-01-10,167.28,167.28,162.63,165.66,,667900.0
2013-01-11,165.23,165.94,163.9,165.62,,520100.0
2013-01-14,165.54,165.96,163.09,164.34,,607200.0
2013-01-15,164.15,165.43,163.33,164.91,,618000.0
2013-01-16,164.91,166.48,164.54,164.67,,519400.0
2013-01-17,165.27,166.84,165.04,166.21,,487300.0
2013-01-18,165.32,167.65,164.45,167.32,,464900.0
2013-01-22,166.86,169.11,166.32,169.11,,519200.0
2013-01-23,169.11,169.34,167.97,168.59,,467800.0
2013-01-24,167.92,170.58,166.6,168.86,,663100.0
2013-01-25,169.98,172.17,168.84,171.34,,460100.0
2013-01-28,171.28,171.58,168.48,169.4,,374100.0
2013-01-29,164.89,167.06,163.9,164.65,,889500.0
2013-01-30,165.1,165.85,162.29,163.08,,573100.0
2013-01-31,163.08,166.05,162.36,163.87,,701600.0
2013-02-01,165.49,166.48,163.04,165.74,,821100.0
2013-02-04,164.83,166.46,162.04,163.35,,507300.0
2013-02-05,164.16,167.5,163.74,166.23,,685900.0
2013-02-06,165.54,167.49,164.65,165.79,,707000.0
2013-02-07,165.3,166.23,160.82,162.85,,758800.0
2013-02-08,163.54,167.4,163.54,167.13,,606200.0
2013-02-11,165.65,167.35,165.45,165.85,,447500.0
2013-02-12,164.55,166.39,161.89,163.19,,2076400.0
2013-02-13,161.8,163.6,158.54,162.04,,2106200.0
2013-02-14,169.87,175.92,165.18,171.92,,2639400.0
2013-02-15,169.91,173.44,169.91,170.8,,1259400.0
2013-02-19,169.89,170.25,165.07,168.17,,1685900.0
2013-02-20,168.59,168.59,163.96,164.02,,888500.0
2013-02-21,163.57,163.85,161.11,162.79,,836200.0
2013-02-22,162.03,163.46,157.17,162.95,,1686900.0
2013-02-25,163.76,164.11,159.78,159.87,,520800.0
2013-02-26,160.06,163.13,160.06,162.09,,602800.0
2013-02-27,162.22,163.33,161.46,161.78,,717600.0
2013-02-28,161.65,163.3,159.93,160.92,,616400.0
2013-03-01,159.87,162.13,158.08,161.98,,750600.0
2013-03-04,160.43,162.48,159.36,162.06,,764600.0
2013-03-05,162.26,166.2,162.25,165.37,,796800.0
2013-03-06,165.29,166.0,164.6,165.5,,528500.0
2013-03-07,165.83,166.21,162.67,164.36,,493000.0
2013-03-08,164.78,165.51,163.79,165.13,,620200.0
2013-03-11,165.41,166.48,164.59,165.4,,241200.0
2013-03-12,164.56,165.51,162.81,164.2,,737100.0
2013-03-13,164.13,164.3,161.8,163.78,,406300.0
2013-03-14,164.58,164.58,162.03,163.59,,486000.0
2013-03-15,163.37,163.96,159.42,159.87,,1527200.0
2013-03-18,158.35,158.79,156.47,156.94,,596300.0
2013-03-19,157.72,158.53,156.03,157.44,,585700.0
2013-03-20,159.0,161.16,157.55,160.41,,557700.0
2013-03-21,159.58,163.17,158.67,160.35,,476600.0
2013-03-22,161.17,161.34,160.15,161.07,,455100.0
2013-03-25,161.15,161.75,159.32,159.77,,443000.0
2013-03-26,160.8,161.55,158.87,161.2,,358000.0
2013-03-27,160.69,162.62,159.44,162.41,,358400.0
2013-03-28,161.84,164.69,160.05,164.54,,462300.0
2013-04-01,165.07,165.83,162.54,163.49,,561000.0
2013-04-02,163.73,164.75,160.86,162.02,,524900.0
2013-04-03,161.89,162.45,158.31,158.48,,559300.0
2013-04-04,158.45,160.57,157.51,160.3,,496500.0
2013-04-05,157.63,164.65,155.94,162.81,,755500.0
2013-04-08,162.41,163.46,161.3,163.4,,314600.0
2013-04-09,163.49,163.73,160.13,160.66,,658000.0
2013-04-10,161.52,166.91,160.56,166.61,,1031800.0
2013-04-11,165.18,169.41,164.34,168.64,,1420400.0
2013-04-12,168.52,169.21,165.21,165.44,,466200.0
2013-04-15,164.75,164.75,158.49,159.46,,857100.0
2013-04-16,160.25,165.58,159.9,163.43,,1088100.0
2013-04-17,161.43,163.16,160.57,161.86,,545000.0
2013-04-18,162.39,162.39,158.38,159.11,,713200.0
2013-04-19,159.04,161.3,158.03,159.86,,582800.0
2013-04-22,162.9,163.55,158.6,162.51,,942200.0
2013-04-23,162.87,167.31,162.87,166.9,,846000.0
2013-04-24,166.39,167.35,164.2,164.6,,1576700.0
2013-04-25,159.52,168.11,159.36,162.41,,2498500.0
2013-04-26,162.35,162.67,158.6,160.88,,1040900.0
2013-04-29,162.21,163.45,160.0,160.48,,705000.0
2013-04-30,161.17,163.11,160.44,162.86,,1002900.0
2013-05-01,163.36,165.52,161.38,164.35,,994500.0
2013-05-02,164.35,165.2,163.31,163.46,,546800.0
2013-05-03,165.15,165.58,162.85,163.17,,615100.0
2013-05-06,163.02,164.43,162.3,163.59,,353100.0
2013-05-07,162.79,165.53,162.7,165.53,,1095900.0
2013-05-08,165.68,172.32,165.34,171.09,,1130200.0
2013-05-09,168.39,169.6,165.11,168.77,,1399600.0
2013-05-10,168.87,170.57,168.42,170.19,,459200.0
2013-05-13,169.94,172.11,169.26,171.88,,493000.0
2013-05-14,171.84,174.96,171.53,174.21,,621300.0
2013-05-15,174.02,176.14,173.82,174.71,,515700.0
2013-05-16,174.61,175.48,172.49,173.38,,846000.0
2013-05-17,174.58,174.58,172.3,172.9,,669500.0
2013-05-20,172.14,173.38,169.64,170.3,,503500.0
2013-05-21,170.71,171.78,169.01,170.55,,603900.0
2013-05-22,170.68,171.31,165.34,165.99,,601900.0
2013-05-23,164.55,166.07,162.03,163.78,,1149500.0
2013-05-24,163.26,164.31,160.92,162.85,,770900.0
2013-05-28,164.96,165.17,159.74,159.82,,743000.0
2013-05-29,159.52,159.76,153.43,155.83,,1473800.0
2013-05-30,154.87,156.69,154.12,154.69,,956600.0
2013-05-31,153.77,155.53,152.35,154.15,,1092300.0
2013-06-03,153.93,156.14,151.41,153.21,,1718400.0
2013-06-04,151.44,152.25,148.33,150.64,,1979600.0
2013-06-05,150.12,153.29,149.23,152.1,,1047500.0
2013-06-06,151.99,155.1,151.51,155.08,,734400.0
2013-06-07,143.51,148.22,142.88,146.49,,8139500.0
2013-06-10,147.47,152.48,146.97,151.38,,1669600.0
2013-06-11,150.24,150.76,148.07,149.45,,1077300.0
2013-06-12,149.95,151.12,141.82,143.56,,1891700.0
2013-06-13,143.22,145.95,141.92,145.65,,1132400.0
2013-06-14,145.8,146.44,144.42,145.37,,630800.0
2013-06-17,145.6,147.04,144.93,146.9,,1150000.0
2013-06-18,146.96,147.9,145.25,145.54,,780000.0
2013-06-19,145.35,146.06,140.72,140.92,,1678400.0
2013-06-20,139.43,139.87,134.64,135.06,,2120200.0
2013-06-21,135.43,136.26,133.04,135.46,,2220200.0
2013-06-24,134.89,135.65,131.58,133.98,,1040300.0
2013-06-25,135.89,135.99,132.32,135.82,,1479600.0
2013-06-26,136.61,140.11,136.41,139.09,,1030100.0
2013-06-27,140.26,143.2,139.97,142.19,,1409900.0
2013-06-28,141.7,141.78,138.79,140.51,,1348700.0
2013-07-01,142.65,143.96,141.49,142.57,,899400.0
2013-07-02,142.31,143.04,138.95,141.08,,743100.0
2013-07-03,140.6,142.1,139.07,140.17,,320200.0
2013-07-05,141.94,143.02,139.51,141.24,,363500.0
2013-07-08,142.32,142.47,140.84,141.14,,452600.0
2013-07-09,142.24,142.53,140.59,142.25,,653200.0
2013-07-10,141.74,145.53,141.66,145.17,,591800.0
2013-07-11,147.5,152.81,146.23,151.76,,2219300.0
2013-07-12,151.38,154.86,151.03,154.4,,956800.0
2013-07-15,153.72,154.08,151.34,152.62,,657500.0
2013-07-16,152.9,153.62,150.99,152.25,,767500.0
2013-07-17,150.62,155.75,150.21,154.04,,809600.0
2013-07-18,156.21,156.21,152.28,152.49,,764200.0
2013-07-19,152.43,153.67,150.27,150.62,,976500.0
2013-07-22,150.48,150.59,147.33,147.73,,808800.0
2013-07-23,147.71,149.04,147.2,147.57,,653900.0
2013-07-24,149.86,151.06,145.38,145.77,,1875400.0
2013-07-25,140.63,145.66,137.68,140.32,,4412600.0
2013-07-26,139.54,141.1,138.44,139.78,,1094500.0
2013-07-29,138.97,140.91,136.51,137.0,,1258800.0
2013-07-30,138.13,138.65,135.04,137.08,,1059500.0
2013-07-31,137.74,138.79,135.68,136.43,,793700.0
2013-08-01,137.06,138.11,134.53,134.73,,1474200.0
2013-08-02,133.96,135.21,133.16,134.82,,1046600.0
2013-08-05,134.41,136.19,133.7,136.11,,740200.0
2013-08-06,135.43,136.5,134.57,134.77,,741800.0
2013-08-07,134.73,137.59,133.93,137.16,,1022300.0
2013-08-08,138.16,138.3,136.19,137.9,,893200.0
2013-08-09,138.45,139.9,137.59,137.82,,1601800.0
2013-08-12,137.52,137.87,135.53,135.97,,992100.0
2013-08-13,135.9,136.16,133.07,133.31,,1180700.0
2013-08-14,132.09,133.84,130.56,130.72,,1380600.0
2013-08-15,129.19,129.31,124.55,126.19,,3329700.0
2013-08-16,126.05,128.63,124.89,127.63,,1393800.0
2013-08-19,127.88,129.28,126.16,126.27,,1137200.0
2013-08-20,127.1,128.91,125.89,127.93,,788400.0
2013-08-21,127.41,128.46,126.56,126.65,,661200.0
2013-08-22,126.93,128.46,125.73,127.26,,378700.0
2013-08-23,127.28,129.64,127.22,129.32,,543700.0
2013-08-26,129.45,130.0,128.55,128.91,,714500.0
2013-08-27,127.42,129.74,127.22,129.49,,862600.0
2013-08-28,129.39,131.33,129.05,130.46,,703400.0
2013-08-29,130.22,133.94,129.95,133.77,,1060600.0
2013-08-30,133.73,134.24,131.89,132.16,,656500.0
2013-09-03,133.55,135.37,132.31,134.59,,1090300.0
2013-09-04,134.22,135.35,133.15,134.15,,797900.0
2013-09-05,133.84,135.14,132.52,134.38,,585100.0
2013-09-06,134.1,134.69,131.31,131.42,,851000.0
2013-09-09,132.29,135.18,131.83,134.84,,618300.0
2013-09-10,135.18,136.11,134.17,134.82,,487700.0
2013-09-11,134.52,136.36,134.31,136.33,,794600.0
2013-09-12,136.06,136.82,134.54,135.25,,568400.0
2013-09-13,135.82,136.25,134.37,134.68,,414100.0
2013-09-16,136.16,136.16,129.55,132.18,,1103900.0
2013-09-17,132.57,134.08,132.01,133.07,,464400.0
2013-09-18,133.36,137.58,132.54,136.35,,1017600.0
2013-09-19,136.5,140.29,135.8,139.43,,1158100.0
2013-09-20,139.59,140.67,139.4,139.99,,1362100.0
2013-09-23,139.43,139.97,137.75,139.56,,527900.0
2013-09-24,139.51,140.13,137.83,137.98,,537400.0
2013-09-25,137.73,139.56,136.73,138.15,,432800.0
2013-09-26,138.85,140.05,138.16,139.62,,527200.0
2013-09-27,138.9,140.35,138.61,140.07,,512100.0
2013-09-30,138.32,140.39,136.72,139.7,,745200.0
2013-10-01,139.29,141.06,136.79,138.38,,842700.0
2013-10-02,136.96,138.19,133.37,133.59,,1191700.0
2013-10-03,133.82,134.56,125.29,126.74,,3655900.0
2013-10-04,127.47,128.35,126.3,127.47,,1320900.0
2013-10-07,126.39,128.02,126.03,126.05,,471300.0
2013-10-08,126.13,126.61,123.98,124.91,,912800.0
2013-10-09,125.03,126.33,124.24,125.79,,1260000.0
2013-10-10,126.91,127.7,125.88,126.53,,1222400.0
2013-10-11,126.56,127.4,125.28,127.1,,468700.0
2013-10-14,126.4,127.06,124.97,126.37,,438300.0
2013-10-15,125.58,126.75,124.48,124.77,,632100.0
2013-10-16,127.64,127.64,124.74,125.92,,606200.0
2013-10-17,125.16,128.54,125.16,127.8,,953400.0
2013-10-18,128.91,128.91,126.37,126.91,,704500.0
2013-10-21,126.88,128.08,126.43,127.04,,1177900.0
2013-10-22,127.65,128.25,126.77,127.03,,1294500.0
2013-10-23,126.43,128.78,123.62,128.29,,2453700.0
2013-10-24,136.57,136.57,128.37,132.41,,2859600.0
2013-10-25,133.17,133.93,129.76,130.49,,861200.0
2013-10-28,130.3,131.04,127.96,128.51,,594700.0
2013-10-29,128.45,129.69,126.54,128.09,,760000.0
2013-10-30,127.77,127.8,122.7,123.37,,2046200.0
2013-10-31,123.58,125.41,122.65,122.66,,1395300.0
2013-11-01,122.47,126.61,122.38,126.4,,883100.0
2013-11-04,126.81,126.92,124.31,124.76,,962600.0
2013-11-05,124.01,124.52,122.68,122.68,,1314800.0
2013-11-06,123.72,124.45,122.07,124.19,,1522700.0
2013-11-07,124.5,124.94,121.21,121.52,,750100.0
2013-11-08,122.27,122.55,117.53,118.62,,1943200.0
2013-11-11,118.55,120.71,117.97,119.6,,941800.0
2013-11-12,118.87,119.59,117.53,118.04,,1468100.0
2013-11-13,117.28,120.15,116.25,120.06,,1327800.0
2013-11-14,120.19,125.44,119.04,123.41,,1489700.0
2013-11-15,125.41,131.28,124.52,127.5,,2948800.0
2013-11-18,127.89,128.79,124.66,124.86,,1144200.0
2013-11-19,125.1,125.72,122.58,122.91,,667500.0
2013-11-20,122.92,124.15,121.28,122.18,,1120800.0
2013-11-21,122.48,123.66,121.04,122.19,,918600.0
2013-11-22,122.01,122.22,120.01,121.95,,792400.0
2013-11-25,121.88,124.64,120.97,123.42,,904000.0
2013-11-26,123.22,124.37,122.56,123.63,,502600.0
2013-11-27,124.05,124.05,122.09,122.18,,611600.0
2013-11-29,122.73,123.35,122.04,122.24,,261700.0
2013-12-02,122.55,123.31,121.25,121.37,,596700.0
2013-12-03,119.59,121.47,118.54,121.25,,1100700.0
2013-12-04,120.45,123.59,120.14,123.07,,988200.0
2013-12-05,126.25,128.38,124.87,127.36,,1756400.0
2013-12-06,128.7,128.7,125.37,125.88,,1023600.0
2013-12-09,125.8,128.46,125.65,128.07,,791800.0
2013-12-10,126.9,128.86,126.34,128.24,,935400.0
2013-12-11,128.83,129.79,127.38,127.59,,731200.0
2013-12-12,127.28,129.13,126.26,127.8,,642600.0
2013-12-13,127.84,128.95,127.39,128.4,,533800.0
2013-12-16,128.76,129.41,127.45,129.12,,626000.0
2013-12-17,128.31,129.17,126.72,128.57,,809600.0
2013-12-18,128.87,129.87,127.37,129.64,,875000.0
2013-12-19,129.99,130.16,128.18,128.58,,648500.0
2013-12-20,128.78,130.12,128.25,129.84,,1338100.0
2013-12-23,130.72,133.21,129.84,132.98,,1046700.0
2013-12-24,133.12,134.33,132.72,133.59,,388400.0
2013-12-26,133.98,135.92,133.55,133.82,,481000.0
2013-12-27,134.54,134.8,132.72,132.8,,405200.0
2013-12-30,133.01,133.11,131.58,131.65,,572600.0
2013-12-31,131.66,135.03,131.61,134.98,,644500.0
2014-01-02,135.12,135.12,130.77,132.94,,823200.0
2014-01-03,133.05,133.43,131.33,131.92,,419600.0
2014-01-06,132.36,132.96,131.26,132.5,,573000.0
2014-01-07,132.97,138.46,132.03,136.61,,1347800.0
2014-01-08,136.68,137.66,135.68,137.14,,1091400.0
2014-01-09,136.98,137.44,133.89,135.01,,532300.0
2014-01-10,135.36,136.26,134.28,136.17,,599600.0
2014-01-13,136.79,136.88,132.91,133.06,,931900.0
2014-01-14,133.43,136.38,133.2,135.97,,710200.0
2014-01-15,135.84,137.69,135.65,136.57,,763000.0
2014-01-16,136.39,137.66,135.73,136.53,,735100.0
2014-01-17,136.1,137.25,133.13,133.78,,777500.0
2014-01-21,135.04,136.88,133.92,136.38,,1021200.0
2014-01-22,136.62,136.91,134.89,136.14,,1430800.0
2014-01-23,135.62,139.21,134.85,138.93,,2325500.0
2014-01-24,137.79,142.76,137.04,139.88,,2153300.0
2014-01-27,140.07,140.29,136.44,137.74,,1215400.0
2014-01-28,137.74,139.07,136.24,138.9,,736000.0
2014-01-29,138.79,139.8,136.94,138.93,,704400.0
2014-01-30,139.45,141.24,139.02,140.23,,762800.0
2014-01-31,138.6,141.87,138.12,140.88,,766500.0
2014-02-03,141.32,141.43,136.2,136.27,,1977500.0
2014-02-04,137.44,140.38,135.84,139.96,,1103300.0
2014-02-05,139.14,139.96,137.06,137.69,,730600.0
2014-02-06,137.89,139.66,137.65,139.25,,712800.0
2014-02-07,140.03,142.12,138.72,141.72,,970200.0
2014-02-10,141.67,144.63,140.49,144.48,,989900.0
2014-02-11,143.75,145.82,143.56,145.09,,770800.0
2014-02-12,144.55,145.34,143.54,145.1,,1158800.0
2014-02-13,144.52,146.58,143.62,145.94,,569800.0
2014-02-14,145.4,147.12,143.69,147.0,,804700.0
2014-02-18,146.14,147.86,146.1,147.59,,959400.0
2014-02-19,148.14,148.18,145.02,146.52,,1125700.0
2014-02-20,145.82,149.25,141.49,142.97,,2197200.0
2014-02-21,143.93,144.55,142.85,144.1,,1009800.0
2014-02-24,144.04,144.66,143.69,144.37,,636600.0
2014-02-25,144.87,146.58,143.02,143.39,,1108500.0
2014-02-26,144.29,145.72,144.01,144.53,,736400.0
2014-02-27,144.61,146.81,143.02,145.94,,700500.0
2014-02-28,146.11,146.21,143.41,144.5,,811000.0
2014-03-03,143.75,145.25,142.54,144.13,,629700.0
2014-03-04,145.01,146.04,144.21,145.33,,709200.0
2014-03-05,145.41,146.66,144.26,146.07,,408800.0
2014-03-06,146.58,147.57,145.43,147.4,,378000.0
2014-03-07,147.51,147.57,145.47,147.15,,497300.0
2014-03-10,147.25,147.53,145.12,146.26,,646800.0
2014-03-11,146.04,148.33,144.09,144.42,,796700.0
2014-03-12,143.72,145.33,142.58,144.72,,538700.0
2014-03-13,144.91,145.99,138.16,138.22,,1558300.0
2014-03-14,137.76,139.53,137.16,139.27,,669700.0
2014-03-17,139.75,140.58,138.32,139.5,,375500.0
2014-03-18,139.3,140.41,138.63,139.35,,448000.0
2014-03-19,139.51,139.78,135.98,137.65,,1323100.0
2014-03-20,139.2,139.2,136.77,138.02,,439800.0
2014-03-21,138.94,139.05,136.94,137.18,,888000.0
2014-03-24,138.16,138.37,135.93,137.91,,707700.0
2014-03-25,139.39,140.5,137.26,138.83,,649600.0
2014-03-26,139.64,140.67,137.42,137.45,,881300.0
2014-03-27,137.01,139.26,136.49,137.95,,769900.0
2014-03-28,137.87,140.19,137.01,139.98,,695800.0
2014-03-31,140.73,141.12,139.32,140.61,,699500.0
2014-04-01,141.09,141.48,140.15,141.06,,934500.0
2014-04-02,141.24,141.81,140.16,140.3,,1097100.0
2014-04-03,141.58,141.58,138.64,139.19,,1187600.0
2014-04-04,139.88,140.65,135.37,136.16,,1713300.0
2014-04-07,135.71,137.11,133.12,134.69,,1747300.0
2014-04-08,134.89,135.67,133.9,135.01,,893000.0
2014-04-09,135.55,135.97,133.12,134.5,,946400.0
2014-04-10,134.44,135.43,130.75,131.87,,1012700.0
2014-04-11,131.04,132.02,129.28,129.68,,807200.0
2014-04-14,130.83,131.91,129.32,130.51,,903200.0
2014-04-15,132.05,132.72,129.98,132.47,,1054900.0
2014-04-16,133.26,138.99,132.75,136.73,,1904000.0
2014-04-17,137.05,139.76,136.0,136.14,,967200.0
2014-04-21,135.99,137.24,135.13,137.16,,651500.0
2014-04-22,137.27,138.16,136.92,137.3,,471700.0
2014-04-23,136.96,139.13,136.19,137.01,,891300.0
2014-04-24,138.65,138.8,136.16,137.33,,452400.0
2014-04-25,136.0,137.42,135.56,137.08,,786600.0
2014-04-28,137.84,138.67,134.25,136.81,,1233100.0
2014-04-29,137.68,141.1,137.63,141.02,,1309500.0
2014-04-30,142.17,143.48,138.79,142.86,,1079700.0
2014-05-01,143.02,144.5,138.67,143.79,,1393300.0
2014-05-02,144.43,144.49,141.65,142.12,,767300.0
2014-05-05,141.28,145.56,139.61,145.27,,511900.0
2014-05-06,144.46,145.66,143.05,143.2,,991100.0
2014-05-07,143.23,143.67,140.0,142.52,,584300.0
2014-05-08,141.9,144.92,140.89,143.21,,611900.0
2014-05-09,142.99,145.15,142.01,144.99,,560000.0
2014-05-12,145.29,146.75,144.98,146.27,,922800.0
2014-05-13,146.44,148.71,146.36,147.54,,846000.0
2014-05-14,146.89,149.73,146.28,148.68,,714900.0
2014-05-15,148.57,149.03,146.81,149.03,,579000.0
2014-05-16,149.2,149.34,147.97,148.54,,718700.0
2014-05-19,148.33,150.11,147.38,149.51,,653300.0
2014-05-20,149.49,150.2,147.02,147.21,,593900.0
2014-05-21,147.5,148.73,147.04,148.11,,506000.0
2014-05-22,148.01,148.94,146.87,148.67,,509100.0
2014-05-23,148.65,149.5,147.21,149.41,,389100.0
2014-05-27,150.2,150.91,149.51,150.75,,945300.0
2014-05-28,150.43,151.89,149.98,151.01,,769000.0
2014-05-29,151.35,152.49,150.67,151.8,,589600.0
2014-05-30,151.86,151.86,149.79,151.19,,506800.0
2014-06-02,151.46,152.58,150.11,152.19,,517100.0
2014-06-03,151.48,151.84,149.61,149.64,,450500.0
2014-06-04,149.09,152.14,149.09,152.0,,657300.0
2014-06-05,151.97,152.59,151.32,152.18,,614000.0
2014-06-06,152.53,154.17,152.15,153.64,,786600.0
2014-06-09,153.34,154.59,153.01,153.43,,737100.0
2014-06-10,152.81,155.07,152.81,153.64,,1162600.0
2014-06-11,153.5,154.8,153.16,153.29,,750400.0
2014-06-12,153.13,154.89,152.37,154.23,,1476300.0
2014-06-13,154.23,156.85,153.58,156.73,,1157100.0
2014-06-16,156.5,157.79,156.29,157.32,,544200.0
2014-06-17,156.85,158.57,156.85,157.36,,807500.0
2014-06-18,157.81,158.83,157.0,158.67,,643500.0
2014-06-19,158.72,158.9,157.33,157.69,,685200.0
2014-06-20,158.24,159.49,156.3,159.14,,1528400.0
2014-06-23,158.92,159.18,156.97,159.02,,612300.0
2014-06-24,158.98,159.88,158.2,159.33,,1209300.0
2014-06-25,159.72,161.16,157.95,158.53,,730600.0
2014-06-26,158.6,159.92,155.64,158.73,,1351600.0
2014-06-27,158.58,160.35,155.21,159.83,,910400.0
2014-06-30,159.81,160.72,158.89,159.81,,662600.0
2014-07-01,160.51,162.8,160.5,161.65,,645400.0
2014-07-02,162.04,163.03,160.67,161.13,,502700.0
2014-07-03,161.59,163.17,160.91,162.02,,425000.0
2014-07-07,161.53,162.86,160.86,161.43,,405400.0
2014-07-08,161.33,162.02,157.75,159.55,,921200.0
2014-07-09,159.79,161.79,158.92,161.71,,793700.0
2014-07-10,158.63,161.46,157.49,160.89,,688100.0
2014-07-11,161.16,161.64,160.31,160.82,,272100.0
2014-07-14,161.66,161.92,160.45,160.63,,627300.0
2014-07-15,160.66,161.59,159.83,160.85,,368100.0
2014-07-16,161.33,161.33,158.98,159.75,,407700.0
2014-07-17,159.46,160.15,158.04,158.63,,315000.0
2014-07-18,166.47,166.47,159.35,160.25,,332000.0
2014-07-21,159.48,160.58,158.66,160.03,,250500.0
2014-07-22,160.51,162.84,160.41,162.17,,497400.0
2014-07-23,162.51,164.33,161.63,163.94,,579200.0
2014-07-24,163.13,165.5,162.16,165.15,,635800.0
2014-07-25,164.23,166.23,164.01,165.84,,885400.0
2014-07-28,165.5,167.05,164.84,165.32,,1152800.0
2014-07-29,165.66,165.66,163.38,163.62,,509400.0
2014-07-30,163.21,165.69,163.21,164.12,,450800.0
2014-07-31,164.31,168.0,159.74,163.18,,1502500.0
2014-08-01,162.45,163.54,159.21,160.79,,617800.0
2014-08-04,161.04,161.66,159.18,161.06,,493700.0
2014-08-05,160.31,161.59,158.92,160.22,,459500.0
2014-08-06,158.83,160.0,158.44,158.92,,306000.0
2014-08-07,159.97,160.97,157.88,159.44,,259800.0
2014-08-08,160.05,160.3,158.52,160.05,,491800.0
2014-08-11,160.16,162.18,159.22,160.79,,720900.0
2014-08-12,160.65,162.03,159.75,161.74,,436700.0
2014-08-13,161.81,163.84,160.98,163.45,,355200.0
2014-08-14,163.85,165.61,163.16,165.55,,362000.0
2014-08-15,166.31,166.31,163.64,165.03,,389200.0
2014-08-18,165.84,167.71,164.75,167.26,,551500.0
2014-08-19,167.2,168.71,164.71,167.88,,341000.0
2014-08-20,167.69,167.89,166.59,167.64,,420800.0
2014-08-21,168.07,170.76,167.12,170.07,,445800.0
2014-08-22,170.06,170.73,168.38,169.48,,964200.0
2014-08-25,170.49,170.49,167.46,168.64,,252800.0
2014-08-26,168.39,169.12,164.79,165.26,,600100.0
2014-08-27,166.44,166.44,164.74,165.36,,385000.0
2014-08-28,165.1,165.28,163.77,164.45,,434200.0
2014-08-29,165.53,166.48,164.46,166.03,,445100.0
2014-09-02,165.56,167.33,165.54,166.93,,634200.0
2014-09-03,166.64,167.31,165.35,166.79,,546400.0
2014-09-04,166.27,167.35,165.91,166.33,,431900.0
2014-09-05,166.05,167.47,165.91,166.83,,825800.0
2014-09-08,166.45,167.29,165.7,166.53,,638800.0
2014-09-09,165.91,166.32,164.36,164.85,,346100.0
2014-09-10,165.51,166.17,164.38,165.65,,449700.0
2014-09-11,164.84,165.7,163.75,165.18,,345600.0
2014-09-12,165.4,165.88,162.72,164.86,,525200.0
2014-09-15,164.67,165.02,163.28,164.04,,338400.0
2014-09-16,163.89,165.98,163.75,164.77,,666900.0
2014-09-17,165.04,165.93,164.03,164.87,,1302100.0
2014-09-18,164.83,166.74,164.49,166.67,,522500.0
2014-09-19,167.56,168.41,165.29,165.43,,1178900.0
2014-09-22,164.6,164.72,161.65,162.97,,414700.0
2014-09-23,159.8,161.62,159.14,159.18,,594600.0
2014-09-24,158.75,160.12,158.26,159.81,,859600.0
2014-09-25,159.77,159.96,156.53,156.9,,531059.0
2014-09-26,156.83,159.93,156.33,159.52,,587950.0
2014-09-29,158.43,161.36,157.53,161.32,,483897.0
2014-09-30,161.14,162.44,160.02,161.63,,593761.0
2014-10-01,161.58,161.58,156.2,157.01,,1170267.0
2014-10-02,157.3,157.83,154.35,155.68,,655602.0
2014-10-03,156.28,159.65,155.98,158.81,,407769.0
2014-10-06,159.46,160.03,156.64,157.1,,545745.0
2014-10-07,155.9,156.58,153.61,153.91,,441652.0
2014-10-08,153.81,157.44,153.14,157.23,,664792.0
2014-10-09,157.2,157.77,152.05,152.67,,663461.0
2014-10-10,152.14,153.0,147.31,147.66,,1100558.0
2014-10-13,148.04,149.54,146.49,146.74,,693791.0
2014-10-14,147.47,149.32,146.8,149.29,,860586.0
2014-10-15,147.0,149.46,144.85,147.12,,843237.0
2014-10-16,144.53,148.0,144.53,146.23,,496876.0
2014-10-17,148.46,158.67,148.46,156.99,,1275289.0
2014-10-20,156.09,157.73,152.95,154.94,,846627.0
2014-10-21,155.47,158.7,155.36,157.5,,633890.0
2014-10-22,157.32,157.86,152.24,152.49,,1513790.0
2014-10-23,155.23,157.22,154.28,156.17,,872491.0
2014-10-24,154.15,154.4,151.69,153.91,,923801.0
2014-10-27,153.78,154.69,150.46,151.61,,929675.0
2014-10-28,152.26,153.14,151.59,152.44,,1244094.0
2014-10-29,152.96,153.98,149.71,151.99,,1262170.0
2014-10-30,153.57,164.17,151.66,163.79,,1641097.0
2014-10-31,166.38,166.57,163.44,164.99,,884830.0
2014-11-03,164.95,166.59,164.32,166.51,,1358864.0
2014-11-04,165.88,166.96,165.11,166.45,,678331.0
2014-11-05,168.18,168.67,164.95,168.11,,460823.0
2014-11-06,168.64,170.4,168.12,169.71,,475475.0
2014-11-07,170.39,170.39,168.09,169.05,,402966.0
2014-11-10,168.62,172.77,168.42,172.21,,759156.0
2014-11-11,172.51,176.04,171.29,175.34,,826746.0
2014-11-12,174.02,175.7,173.29,175.49,,741512.0
2014-11-13,175.48,177.04,175.12,175.32,,665390.0
2014-11-14,174.76,175.54,174.4,175.41,,476981.0
2014-11-17,176.0,177.16,174.42,177.13,,419853.0
2014-11-18,176.74,179.08,176.16,177.8,,440857.0
2014-11-19,176.83,178.73,175.48,178.25,,323925.0
2014-11-20,176.78,177.56,174.73,175.79,,529381.0
2014-11-21,177.99,178.43,174.92,176.67,,469736.0
2014-11-24,176.72,177.37,174.7,177.32,,538058.0
2014-11-25,177.67,178.99,176.92,178.92,,527924.0
2014-11-26,178.5,179.17,177.43,178.86,,403359.0
2014-11-28,179.29,181.0,176.78,179.42,,284322.0
2014-12-01,179.41,179.46,176.92,177.06,,438379.0
2014-12-02,176.99,178.2,175.88,178.03,,406831.0
2014-12-03,178.26,180.36,177.4,179.98,,327109.0
2014-12-04,180.45,182.1,178.67,182.01,,425469.0
2014-12-05,182.45,183.42,181.61,182.99,,564388.0
2014-12-08,182.13,182.81,179.36,180.88,,376065.0
2014-12-09,178.44,182.56,177.74,181.55,,664203.0
2014-12-10,181.54,182.76,180.26,181.45,,922434.0
2014-12-11,182.55,184.68,181.83,183.44,,653658.0
2014-12-12,181.39,183.52,178.31,178.76,,1008897.0
2014-12-15,179.49,181.59,173.95,175.23,,1163730.0
2014-12-16,174.03,176.3,171.93,173.78,,682735.0
2014-12-17,173.76,177.66,172.55,177.45,,457355.0
2014-12-18,180.88,182.62,179.43,180.24,,1052673.0
2014-12-19,179.94,185.59,178.95,184.9,,1006071.0
2014-12-22,185.46,186.27,183.76,184.5,,462726.0
2014-12-23,185.98,185.98,183.1,183.22,,305772.0
2014-12-24,184.21,185.04,183.24,184.16,,153333.0
2014-12-26,185.11,185.9,183.41,183.84,,324901.0
2014-12-29,183.8,184.46,181.42,181.64,,291877.0
2014-12-30,181.26,182.65,180.06,181.41,,279348.0
2014-12-31,181.34,181.66,178.31,179.08,,350998.0
2015-01-02,180.48,181.31,177.14,179.01,,383808.0
2015-01-05,178.61,179.58,177.13,177.17,,553587.0
2015-01-06,177.07,178.83,173.17,173.31,,826602.0
2015-01-07,174.33,174.98,173.06,173.88,,482276.0
2015-01-08,175.3,177.7,173.68,175.96,,554358.0
2015-01-09,175.52,176.29,171.18,171.3,,709570.0
2015-01-12,171.3,173.1,169.81,171.3,,816395.0
2015-01-13,172.93,174.19,169.99,171.59,,733209.0
2015-01-14,170.25,173.22,169.46,172.88,,712046.0
2015-01-15,172.77,173.9,171.82,172.35,,678261.0
2015-01-16,172.36,174.53,171.46,173.95,,966676.0
2015-01-20,174.86,176.17,173.34,175.66,,391286.0
2015-01-21,175.81,177.38,173.99,176.46,,497319.0
2015-01-22,176.93,181.51,175.38,180.99,,694820.0
2015-01-23,181.56,182.7,180.2,182.13,,916796.0
2015-01-26,184.5,184.5,179.27,181.19,,385511.0
2015-01-27,178.55,181.19,175.02,175.26,,486596.0
2015-01-28,175.97,176.25,169.88,171.47,,804750.0
2015-01-29,171.26,175.77,171.08,175.28,,432096.0
2015-01-30,173.04,174.53,171.02,171.28,,389585.0
2015-02-02,172.22,173.75,168.94,172.18,,680997.0
2015-02-03,173.51,176.7,172.58,176.6,,556209.0
2015-02-04,174.89,177.12,174.86,175.44,,421332.0
2015-02-05,176.53,178.69,173.86,178.34,,486450.0
2015-02-06,179.25,179.25,172.44,173.31,,440601.0
2015-02-09,172.21,173.18,169.41,171.63,,704219.0
2015-02-10,173.22,175.51,171.59,173.62,,425466.0
2015-02-11,174.83,175.73,173.47,174.61,,481263.0
2015-02-12,176.68,180.83,175.89,179.87,,539579.0
2015-02-13,180.81,180.89,179.59,179.84,,387888.0
2015-02-17,178.81,179.84,177.05,177.85,,498666.0
2015-02-18,175.95,181.25,175.71,180.8,,723332.0
2015-02-19,180.0,182.22,177.34,181.19,,639119.0
2015-02-20,178.39,188.62,174.42,185.91,,1637540.0
2015-02-23,185.01,186.0,182.2,184.0,,839412.0
2015-02-24,183.39,184.33,181.98,183.37,,690688.0
2015-02-25,183.54,184.46,179.91,180.39,,502247.0
2015-02-26,180.38,180.79,178.14,178.82,,329526.0
2015-02-27,179.99,179.99,176.64,177.06,,479430.0
2015-03-02,177.66,178.99,174.73,176.64,,723647.0
2015-03-03,176.92,177.46,173.2,174.65,,619344.0
2015-03-04,173.56,177.93,173.56,176.79,,805284.0
2015-03-05,176.76,185.82,176.42,185.06,,1314099.0
2015-03-06,183.81,188.54,181.75,186.02,,1320744.0
2015-03-09,186.62,187.12,183.11,183.98,,704240.0
2015-03-10,182.53,183.0,179.76,181.12,,501373.0
2015-03-11,181.59,182.03,179.75,180.62,,549350.0
2015-03-12,181.24,185.29,180.07,184.17,,640200.0
2015-03-13,183.46,184.93,181.32,183.38,,717128.0
2015-03-16,185.0,189.2,184.99,187.87,,957355.0
2015-03-17,186.74,188.45,185.63,186.38,,430531.0
2015-03-18,185.64,188.38,183.51,188.17,,711746.0
2015-03-19,186.66,188.54,186.3,187.68,,699917.0
2015-03-20,189.3,194.9,188.65,190.11,,13250959.0
2015-03-23,190.35,190.94,187.6,189.87,,791857.0
2015-03-24,188.92,189.83,183.98,184.05,,646404.0
2015-03-25,184.06,184.65,181.15,182.08,,628386.0
2015-03-26,180.05,182.13,179.03,181.28,,555634.0
2015-03-27,180.26,183.46,180.26,182.77,,518078.0
2015-03-30,183.64,186.58,182.44,186.34,,647072.0
2015-03-31,185.17,188.19,184.15,185.25,,913240.0
2015-04-01,185.62,186.13,183.47,185.84,,611292.0
2015-04-02,185.6,188.33,183.75,187.44,,470712.0
2015-04-06,185.64,188.19,184.51,187.08,,306989.0
2015-04-07,187.45,188.72,186.31,186.4,,301786.0
2015-04-08,187.05,190.68,185.95,190.22,,637696.0
2015-04-09,190.12,191.18,189.88,190.99,,440093.0
2015-04-10,190.99,191.93,188.14,190.66,,524697.0
2015-04-13,190.75,192.79,190.51,190.76,,625277.0
2015-04-14,190.37,192.56,189.07,192.13,,503662.0
2015-04-15,192.8,193.29,191.76,191.89,,509905.0
2015-04-16,191.03,193.3,191.03,192.18,,569440.0
2015-04-17,189.56,191.6,185.53,187.87,,860036.0
2015-04-20,189.35,191.43,188.53,190.84,,508787.0
2015-04-21,191.41,194.91,190.65,193.95,,779701.0
2015-04-22,194.83,195.32,193.23,194.75,,596020.0
2015-04-23,194.13,197.55,192.92,196.45,,587708.0
2015-04-24,196.23,197.06,195.16,195.77,,504680.0
2015-04-27,194.91,196.04,193.58,194.8,,800748.0
2015-04-28,194.25,197.17,193.91,196.02,,731080.0
2015-04-29,194.48,196.5,193.15,194.76,,716222.0
2015-04-30,203.08,208.45,198.66,203.62,,1743423.0
2015-05-01,206.0,206.86,203.86,205.96,,1149774.0
2015-05-04,207.09,207.09,205.1,206.16,,1009045.0
2015-05-05,205.45,206.74,204.6,204.61,,978144.0
2015-05-06,205.91,206.43,203.7,205.49,,805838.0
2015-05-07,211.03,215.18,207.82,208.45,,1534227.0
2015-05-08,210.11,214.72,208.52,213.16,,862457.0
2015-05-11,213.44,214.65,209.44,209.58,,601891.0
2015-05-12,207.69,208.2,205.47,206.3,,945290.0
2015-05-13,206.54,208.1,204.39,206.6,,612100.0
2015-05-14,207.39,208.49,205.37,207.98,,409018.0
2015-05-15,208.14,208.14,206.52,207.17,,386289.0
2015-05-18,207.24,210.12,206.19,208.68,,327054.0
2015-05-19,208.42,210.02,207.63,209.78,,377754.0
2015-05-20,214.74,214.93,211.78,214.73,,1201491.0
2015-05-21,212.33,213.82,209.41,213.39,,2051936.0
2015-05-22,213.56,214.67,212.62,214.56,,645092.0
2015-05-26,212.19,214.04,210.99,213.58,,578307.0
2015-05-27,214.32,216.2,212.2,216.17,,390160.0
2015-05-28,215.92,216.58,214.33,215.52,,590692.0
2015-05-29,214.59,215.65,212.68,214.62,,1129408.0
2015-06-01,219.47,219.47,214.52,216.29,,557547.0
2015-06-02,213.51,216.13,212.84,215.32,,1008624.0
2015-06-03,214.82,215.32,212.67,213.08,,882563.0
2015-06-04,211.82,213.36,210.0,210.61,,917185.0
2015-06-05,210.59,212.17,209.67,210.6,,656270.0
2015-06-08,211.05,212.01,209.26,209.32,,402305.0
2015-06-09,208.84,210.42,205.76,206.41,,514367.0
2015-06-10,206.93,209.9,206.26,208.46,,482799.0
2015-06-11,208.97,210.17,208.7,208.9,,314006.0
2015-06-12,208.1,209.61,207.41,208.74,,458968.0
2015-06-15,206.64,208.68,204.76,204.84,,555905.0
2015-06-16,202.4,206.39,202.25,204.72,,817605.0
2015-06-17,206.52,206.73,204.71,205.85,,794974.0
2015-06-18,206.34,209.65,205.03,209.24,,1183564.0
2015-06-19,209.23,210.71,208.19,210.39,,2106422.0
2015-06-22,211.42,212.15,207.89,208.19,,449040.0
2015-06-23,208.08,208.98,207.0,207.57,,525472.0
2015-06-24,207.37,208.23,204.08,205.05,,451629.0
2015-06-25,204.88,206.14,204.36,205.43,,517368.0
2015-06-26,205.38,207.27,204.0,207.25,,774986.0
2015-06-29,205.49,205.76,200.14,200.42,,800913.0
2015-06-30,201.43,204.29,200.12,203.36,,699560.0
2015-07-01,204.59,205.08,202.67,204.67,,466348.0
2015-07-02,205.07,205.93,203.2,204.43,,349549.0
2015-07-06,202.67,205.13,201.31,204.56,,544012.0
2015-07-07,204.56,207.21,202.56,206.16,,817543.0
2015-07-08,205.76,207.86,205.09,205.24,,520483.0
2015-07-09,207.07,208.32,204.92,205.5,,518358.0
2015-07-10,208.19,209.49,206.42,207.18,,544934.0
2015-07-13,208.3,210.18,207.24,208.11,,435262.0
2015-07-14,208.24,210.14,207.67,209.02,,361471.0
2015-07-15,209.04,210.87,207.16,208.0,,379244.0
2015-07-16,209.33,211.1,208.18,209.86,,484203.0
2015-07-17,209.5,211.26,208.2,210.96,,438615.0
2015-07-20,211.31,216.61,210.62,216.36,,679243.0
2015-07-21,216.36,218.02,215.08,215.24,,475207.0
2015-07-22,215.0,217.44,214.3,215.81,,461701.0
2015-07-23,215.62,218.61,214.34,215.68,,539076.0
2015-07-24,214.8,221.07,214.07,221.02,,653414.0
2015-07-27,220.05,222.2,217.25,221.48,,748819.0
2015-07-28,223.32,225.26,220.58,223.53,,993575.0
2015-07-29,223.35,224.57,221.67,223.55,,714226.0
2015-07-30,225.29,230.67,224.22,226.24,,821594.0
2015-07-31,227.11,227.49,223.11,223.3,,524564.0
2015-08-03,223.99,227.59,222.32,226.49,,642697.0
2015-08-04,225.76,227.58,223.81,224.2,,419905.0
2015-08-05,225.44,227.06,223.72,224.53,,472615.0
2015-08-06,225.0,225.01,219.9,224.17,,520781.0
2015-08-07,224.15,224.76,218.58,224.48,,310037.0
2015-08-10,226.49,226.93,222.57,224.24,,997348.0
2015-08-11,222.91,226.17,221.75,223.72,,551265.0
2015-08-12,222.12,225.44,220.35,224.45,,697394.0
2015-08-13,227.35,227.58,223.24,225.96,,539318.0
2015-08-14,228.26,230.4,225.68,227.69,,980085.0
2015-08-17,226.44,227.83,225.04,227.78,,404862.0
2015-08-18,227.73,230.38,226.95,230.11,,405528.0
2015-08-19,229.08,230.98,227.35,228.65,,494226.0
2015-08-20,227.55,227.89,224.11,224.14,,568724.0
2015-08-21,221.9,224.0,217.21,217.21,,1271921.0
2015-08-24,209.54,215.25,202.28,205.93,,1310879.0
2015-08-25,209.79,212.49,202.17,202.37,,1294221.0
2015-08-26,207.13,210.99,203.11,210.18,,1076962.0
2015-08-27,211.22,216.13,210.76,214.48,,704691.0
2015-08-28,213.33,217.6,213.15,216.61,,588573.0
2015-08-31,215.6,217.68,213.57,217.41,,4911617.0
2015-09-01,213.64,214.99,209.88,211.85,,1298238.0
2015-09-02,213.56,217.58,212.45,217.55,,1049085.0
2015-09-03,217.2,221.77,217.12,221.17,,1005966.0
2015-09-04,219.87,220.2,216.04,217.5,,824716.0
2015-09-08,218.58,225.45,217.8,225.07,,850037.0
2015-09-09,227.56,228.65,226.07,226.46,,884540.0
2015-09-10,225.43,232.03,224.95,229.8,,1220461.0
2015-09-11,229.34,233.41,228.2,233.41,,1095955.0
2015-09-14,233.61,235.02,231.42,233.47,,1071365.0
2015-09-15,234.32,235.09,232.36,233.75,,784945.0
2015-09-16,233.32,234.65,230.82,234.17,,675088.0
2015-09-17,234.23,237.33,232.48,233.77,,899212.0
2015-09-18,230.4,237.31,228.31,230.09,,1469814.0
2015-09-21,231.71,235.7,230.66,235.34,,596630.0
2015-09-22,230.33,233.61,230.33,232.46,,622431.0
2015-09-23,231.66,233.56,229.35,232.82,,527511.0
2015-09-24,231.87,233.58,224.9,225.39,,841463.0
2015-09-25,229.01,230.04,223.72,225.09,,1019780.0
2015-09-28,224.85,229.37,217.33,217.99,,949334.0
2015-09-29,218.8,218.8,216.08,216.77,,1202817.0
2015-09-30,217.96,220.73,216.89,220.34,,771384.0
2015-10-01,221.51,223.03,218.97,222.8,,828069.0
2015-10-02,219.19,225.39,217.6,225.32,,536229.0
2015-10-05,226.66,229.68,225.57,228.43,,636564.0
2015-10-06,228.85,233.08,226.43,227.67,,744164.0
2015-10-07,229.27,229.29,220.67,222.52,,1032679.0
2015-10-08,222.29,224.42,220.17,224.14,,766569.0
2015-10-09,223.93,226.88,222.66,226.27,,749025.0
2015-10-12,225.87,229.12,225.87,228.52,,510251.0
2015-10-13,227.15,229.22,225.81,227.79,,555013.0
2015-10-14,227.28,231.19,226.14,230.31,,723960.0
2015-10-15,230.94,235.09,226.37,234.84,,755412.0
2015-10-16,235.76,240.25,231.63,240.04,,569873.0
2015-10-19,238.92,244.2,238.07,243.73,,840089.0
2015-10-20,243.88,246.41,242.93,245.95,,646836.0
2015-10-21,247.1,248.75,244.72,245.05,,818292.0
2015-10-22,245.31,248.5,245.09,247.01,,1297263.0
2015-10-23,249.49,249.49,244.81,247.2,,974045.0
2015-10-26,247.56,253.01,246.73,252.53,,894360.0
2015-10-27,251.59,252.14,247.71,248.24,,846641.0
2015-10-28,248.84,249.72,243.45,246.99,,1290815.0
2015-10-29,244.24,252.93,239.57,245.58,,1198431.0
2015-10-30,246.17,250.15,243.98,248.74,,690584.0
2015-11-02,249.65,255.49,249.28,254.52,,679809.0
2015-11-03,253.78,254.51,249.35,250.94,,609100.0
2015-11-04,250.97,253.47,245.59,248.16,,622530.0
2015-11-05,247.84,249.08,244.19,248.0,,485787.0
2015-11-06,247.68,249.84,240.62,243.45,,853895.0
2015-11-09,243.98,246.44,240.73,245.15,,869783.0
2015-11-10,245.13,249.59,243.61,249.46,,789724.0
2015-11-11,251.35,252.82,248.18,248.94,,589534.0
2015-11-12,248.35,249.98,247.01,247.11,,432510.0
2015-11-13,247.06,248.17,243.25,244.03,,659344.0
2015-11-16,243.21,247.78,243.14,247.66,,531453.0
2015-11-17,245.85,253.83,244.8,250.74,,877076.0
2015-11-18,250.65,250.65,241.05,245.73,,1114150.0
2015-11-19,241.25,241.88,237.1,239.88,,2297324.0
2015-11-20,240.53,250.35,240.04,250.35,,1885552.0
2015-11-23,249.64,252.19,247.36,249.62,,640594.0
2015-11-24,248.75,249.99,245.76,245.83,,599475.0
2015-11-25,246.35,248.6,244.93,247.44,,357249.0
2015-11-27,247.34,250.12,246.16,249.64,,226677.0
2015-11-30,249.64,250.67,245.43,248.59,,679457.0
2015-12-01,249.59,252.2,248.59,252.05,,489981.0
2015-12-02,252.17,254.15,250.89,251.24,,518827.0
2015-12-03,250.16,251.52,246.41,247.51,,683768.0
2015-12-04,248.35,252.99,244.77,252.53,,838661.0
2015-12-07,254.98,254.98,250.08,250.91,,538173.0
2015-12-08,249.17,253.88,248.86,251.35,,690194.0
2015-12-09,251.0,253.5,249.05,251.47,,671925.0
2015-12-10,251.13,252.39,247.84,249.28,,700104.0
2015-12-11,246.7,248.94,242.24,244.47,,809724.0
2015-12-14,245.18,251.85,244.71,247.51,,1173554.0
2015-12-15,248.46,248.88,244.45,244.54,,1006395.0
2015-12-16,245.26,250.06,244.62,249.15,,1140923.0
2015-12-17,249.75,250.71,246.57,247.39,,682001.0
2015-12-18,246.37,248.56,243.97,243.97,,2004952.0
2015-12-21,245.42,249.69,243.86,249.36,,881677.0
2015-12-22,249.57,251.71,246.71,250.36,,583558.0
2015-12-23,251.2,251.2,246.92,250.72,,542880.0
2015-12-24,250.41,251.64,249.5,250.58,,206660.0
2015-12-28,250.05,254.26,248.98,253.72,,338413.0
2015-12-29,257.17,257.17,254.59,257.15,,416390.0
2015-12-30,255.85,257.02,254.81,255.22,,320997.0
2015-12-31,255.05,256.63,252.61,254.97,,404825.0
2016-01-04,252.74,253.46,247.26,249.64,,879636.0
2016-01-05,251.25,256.77,248.03,255.83,,1440339.0
2016-01-06,252.65,261.62,252.01,260.65,,1147466.0
2016-01-07,256.94,258.6,254.85,255.72,,1151912.0
2016-01-08,256.83,263.31,256.59,261.2,,1463330.0
2016-01-11,262.85,268.43,260.84,263.81,,1605921.0
2016-01-12,265.4,266.44,261.24,265.53,,860584.0
2016-01-13,264.96,266.61,256.9,257.66,,1222889.0
2016-01-14,258.07,266.02,250.66,262.22,,3697919.0
2016-01-15,257.17,261.36,252.78,255.64,,1256273.0
2016-01-19,260.12,260.49,244.28,248.83,,1831562.0
2016-01-20,245.23,250.63,237.65,248.19,,1383640.0
2016-01-21,248.14,249.03,242.25,244.33,,860683.0
2016-01-22,247.64,251.73,245.67,250.46,,1268777.0
2016-01-25,249.8,258.27,249.39,252.89,,1369679.0
2016-01-26,256.47,258.0,252.84,256.02,,1045178.0
2016-01-27,256.53,259.66,250.44,252.59,,1089627.0
2016-01-28,254.0,261.35,249.16,253.14,,1032436.0
2016-01-29,254.07,262.08,252.96,261.86,,1145292.0
2016-02-01,261.42,266.28,260.44,262.6,,812171.0
2016-02-02,259.64,264.64,259.07,263.57,,1013484.0
2016-02-03,264.33,265.49,256.61,260.99,,1268060.0
2016-02-04,263.21,264.82,257.47,260.07,,1032945.0
2016-02-05,258.78,259.14,242.92,243.2,,1390322.0
2016-02-08,241.04,241.15,220.75,226.68,,1850272.0
2016-02-09,226.55,227.65,215.39,223.48,,2096993.0
2016-02-10,226.01,234.64,224.53,230.47,,1498106.0
2016-02-11,223.78,235.49,223.78,231.91,,978637.0
2016-02-12,235.7,240.45,233.19,240.2,,1081554.0
2016-02-16,240.99,245.93,239.83,245.61,,1304615.0
2016-02-17,245.61,249.94,241.1,245.07,,1320140.0
2016-02-18,242.85,247.61,241.95,244.78,,1178341.0
2016-02-19,242.75,256.43,240.1,252.42,,2164379.0
2016-02-22,254.78,257.02,251.41,252.81,,941409.0
2016-02-23,251.98,252.87,245.04,246.26,,969912.0
2016-02-24,245.02,250.09,242.57,248.74,,1078448.0
2016-02-25,249.77,259.38,249.77,259.27,,999768.0
2016-02-26,258.42,265.65,256.04,258.66,,897731.0
2016-02-29,257.43,260.34,255.44,256.06,,1017152.0
2016-03-01,258.21,260.18,255.5,260.03,,1334962.0
2016-03-02,259.45,259.7,252.36,256.33,,1016256.0
2016-03-03,255.29,262.06,254.38,261.88,,1113135.0
2016-03-04,261.88,262.6,255.9,261.15,,1009112.0
2016-03-07,259.43,261.24,249.39,252.51,,1080213.0
2016-03-08,250.91,257.59,250.51,253.38,,795362.0
2016-03-09,254.37,257.58,253.83,255.51,,675148.0
2016-03-10,257.37,260.88,255.54,260.13,,811407.0
2016-03-11,262.92,270.86,261.78,269.7,,983607.0
2016-03-14,266.12,267.73,262.38,266.33,,836849.0
2016-03-15,263.99,267.68,263.99,265.01,,850764.0
2016-03-16,263.16,269.97,263.16,268.65,,671316.0
2016-03-17,268.51,272.63,267.22,268.84,,1008878.0
2016-03-18,269.28,269.95,266.48,267.8,,1049166.0
2016-03-21,266.96,270.55,264.57,269.19,,619912.0
2016-03-22,267.71,271.78,267.42,270.59,,529078.0
2016-03-23,270.81,271.82,269.47,270.86,,456945.0
2016-03-24,269.67,273.94,269.53,272.04,,548031.0
2016-03-28,272.84,275.61,271.98,274.6,,389662.0
2016-03-29,273.75,279.38,273.75,279.32,,515300.0
2016-03-30,280.13,281.3,278.01,278.28,,534659.0
2016-03-31,277.79,281.41,277.3,280.48,,819299.0
2016-04-01,278.45,281.75,277.94,279.83,,499880.0
2016-04-04,281.53,283.43,280.17,282.52,,515202.0
2016-04-05,279.88,282.6,278.39,278.73,,427935.0
2016-04-06,278.19,279.62,276.62,277.68,,735872.0
2016-04-07,276.15,277.29,274.05,276.33,,573568.0
2016-04-08,278.8,279.64,273.88,276.48,,554756.0
2016-04-11,278.15,278.18,274.33,274.78,,609213.0
2016-04-12,276.66,276.66,272.43,273.21,,663013.0
2016-04-13,273.43,273.43,270.05,272.71,,519969.0
2016-04-14,272.06,273.26,270.21,272.04,,357191.0
2016-04-15,271.82,275.91,271.09,274.88,,480384.0
2016-04-18,273.95,276.5,273.29,276.14,,303694.0
2016-04-19,277.51,278.08,272.82,275.52,,318692.0
2016-04-20,275.7,277.3,273.38,275.73,,464180.0
2016-04-21,274.99,279.3,269.76,271.31,,695541.0
2016-04-22,271.52,273.88,268.26,273.1,,395266.0
2016-04-25,272.71,277.21,271.54,277.18,,373665.0
2016-04-26,276.97,282.81,276.12,279.97,,652994.0
2016-04-27,279.92,283.76,276.7,281.42,,623978.0
2016-04-28,280.53,283.8,277.5,278.39,,472117.0
2016-04-29,277.48,281.44,275.37,280.18,,465495.0
2016-05-02,280.81,283.15,279.46,282.95,,394960.0
2016-05-03,281.96,282.84,278.4,282.33,,625683.0
2016-05-04,280.58,285.92,279.89,283.98,,1049764.0
2016-05-05,283.49,285.74,277.29,280.64,,1011560.0
2016-05-06,278.87,286.49,276.96,285.78,,820231.0
2016-05-09,285.73,291.3,284.58,289.24,,529042.0
2016-05-10,290.0,290.89,287.99,289.3,,435294.0
2016-05-11,289.69,291.23,286.48,288.94,,584318.0
2016-05-12,290.57,294.28,287.37,293.63,,491779.0
2016-05-13,293.62,294.83,291.06,292.07,,354102.0
2016-05-16,292.53,295.78,291.34,295.66,,414108.0
2016-05-17,292.6,295.4,289.59,290.33,,462933.0
2016-05-18,290.08,292.48,285.48,290.1,,550839.0
2016-05-19,287.5,293.01,287.5,290.95,,610502.0
2016-05-20,291.99,293.8,288.41,292.6,,535366.0
2016-05-23,292.67,294.82,291.02,293.8,,332685.0
2016-05-24,294.64,302.81,293.82,302.38,,1005354.0
2016-05-25,304.1,306.12,301.28,304.94,,898682.0
2016-05-26,305.49,309.62,304.15,309.51,,756742.0
2016-05-27,309.52,314.28,309.52,312.47,,824720.0
2016-05-31,314.34,314.45,308.19,308.58,,1151528.0
2016-06-01,307.7,312.01,307.05,311.94,,643253.0
2016-06-02,311.09,313.54,309.38,313.29,,587105.0
2016-06-03,313.31,314.44,308.7,310.87,,593102.0
2016-06-06,311.14,315.6,311.03,314.79,,1001821.0
2016-06-07,314.72,319.14,314.59,316.21,,568683.0
2016-06-08,317.59,318.59,315.39,317.91,,598763.0
2016-06-09,316.87,318.71,316.69,318.14,,396378.0
2016-06-10,317.69,318.97,314.09,315.65,,704115.0
2016-06-13,315.41,321.14,314.56,314.82,,703320.0
2016-06-14,314.55,316.54,313.01,314.81,,884710.0
2016-06-15,316.08,318.39,314.05,317.19,,442813.0
2016-06-16,314.76,322.44,314.76,321.76,,830838.0
2016-06-17,320.22,322.48,314.74,319.3,,1338104.0
2016-06-20,322.88,323.07,318.53,318.73,,552142.0
2016-06-21,319.37,324.14,319.37,323.51,,553784.0
2016-06-22,326.64,327.19,323.48,323.62,,688430.0
2016-06-23,325.39,330.27,320.41,328.55,,898594.0
2016-06-24,318.14,327.41,315.88,320.47,,1408905.0
2016-06-27,319.65,319.84,313.25,316.39,,845661.0
2016-06-28,318.22,321.86,317.16,321.39,,579776.0
2016-06-29,323.37,329.46,323.37,329.05,,614699.0
2016-06-30,329.91,330.68,326.61,330.51,,525849.0
2016-07-01,330.59,333.08,327.98,329.79,,397399.0
2016-07-05,329.04,331.07,327.09,329.16,,469009.0
2016-07-06,327.6,330.96,323.57,330.27,,627233.0
2016-07-07,330.18,330.6,325.53,326.21,,386179.0
2016-07-08,327.89,332.87,327.51,331.98,,400017.0
2016-07-11,332.46,333.36,328.39,331.38,,331503.0
2016-07-12,332.22,332.78,326.88,330.06,,446180.0
2016-07-13,331.66,331.94,327.96,329.64,,322009.0
2016-07-14,330.99,332.45,325.1,327.17,,392801.0
2016-07-15,325.61,325.61,321.68,323.9,,763186.0
2016-07-18,324.73,325.21,322.34,324.26,,337642.0
2016-07-19,323.26,325.13,322.63,323.93,,499883.0
2016-07-20,324.61,325.55,323.02,323.45,,393121.0
2016-07-21,322.5,322.84,315.7,317.58,,571948.0
2016-07-22,318.38,323.05,317.85,321.25,,597361.0
2016-07-25,321.51,322.3,317.62,320.79,,271226.0
2016-07-26,321.54,323.26,315.4,321.74,,284926.0
2016-07-27,321.55,321.77,316.96,318.59,,346429.0
2016-07-28,318.81,324.6,318.19,324.07,,435928.0
2016-07-29,323.92,324.66,317.79,317.85,,607446.0
2016-08-01,318.75,323.32,317.91,323.05,,434312.0
2016-08-02,323.26,323.92,316.6,318.35,,541057.0
2016-08-03,317.31,320.25,314.23,315.69,,742581.0
2016-08-04,317.84,318.96,312.0,316.59,,893535.0
2016-08-05,317.06,318.57,311.34,311.56,,661899.0
2016-08-08,311.05,311.54,307.91,310.54,,713394.0
2016-08-09,310.41,315.32,310.0,313.04,,490761.0
2016-08-10,313.28,315.57,311.67,313.55,,320289.0
2016-08-11,313.28,314.78,309.22,313.48,,524178.0
2016-08-12,312.52,316.21,311.75,314.58,,342178.0
2016-08-15,314.34,317.72,314.12,316.53,,329135.0
2016-08-16,315.68,316.65,312.6,312.91,,398650.0
2016-08-17,313.59,313.59,309.15,312.84,,558722.0
2016-08-18,312.49,315.1,310.05,310.26,,488895.0
2016-08-19,309.88,313.26,308.09,312.25,,373479.0
2016-08-22,314.51,315.71,311.78,314.31,,376302.0
2016-08-23,316.07,316.9,314.38,315.31,,324118.0
2016-08-24,314.87,316.48,311.67,312.42,,495420.0
2016-08-25,312.28,314.15,310.5,311.75,,342301.0
2016-08-26,312.13,315.49,310.13,312.38,,599686.0
2016-08-29,313.41,316.82,312.76,315.48,,437521.0
2016-08-30,315.35,316.24,312.47,315.25,,472360.0
2016-08-31,314.95,317.68,314.31,315.75,,571517.0
2016-09-01,315.54,316.62,312.63,314.13,,452277.0
2016-09-02,314.7,318.45,314.7,318.15,,641928.0
2016-09-06,320.58,324.31,318.44,323.73,,870853.0
2016-09-07,323.8,324.54,322.29,323.93,,580258.0
2016-09-08,323.06,324.81,319.35,319.5,,780928.0
2016-09-09,318.16,319.05,310.54,310.72,,731869.0
2016-09-12,310.93,315.1,310.31,313.48,,716706.0
2016-09-13,310.92,312.55,305.35,305.69,,624881.0
2016-09-14,305.07,308.09,303.48,304.3,,488286.0
2016-09-15,303.16,310.5,301.92,309.87,,501543.0
2016-09-16,308.18,309.62,305.24,306.8,,1050412.0
2016-09-19,308.72,314.15,307.65,314.1,,514187.0
2016-09-20,314.75,316.29,299.43,304.06,,1445434.0
2016-09-21,304.34,306.04,298.15,305.69,,1038643.0
2016-09-22,307.95,309.89,307.16,308.66,,465347.0
2016-09-23,308.1,309.31,304.51,308.15,,417742.0
2016-09-26,306.7,310.95,306.14,310.39,,359338.0
2016-09-27,312.33,312.33,309.44,310.27,,381745.0
2016-09-28,311.64,311.73,308.74,310.38,,478201.0
2016-09-29,308.58,310.84,306.52,308.3,,405900.0
2016-09-30,308.59,311.32,306.04,308.55,,611349.0
2016-10-03,308.88,308.88,304.05,305.07,,449494.0
2016-10-04,306.08,306.08,300.71,302.45,,527185.0
2016-10-05,302.45,303.79,293.16,298.94,,818445.0
2016-10-06,298.2,303.54,296.28,302.47,,510769.0
2016-10-07,303.32,304.05,298.03,300.71,,390354.0
2016-10-10,301.59,307.22,300.94,305.27,,491489.0
2016-10-11,299.82,306.36,299.82,302.17,,475073.0
2016-10-12,302.34,308.55,301.23,308.25,,449307.0
2016-10-13,305.73,310.04,304.66,309.97,,456314.0
2016-10-14,311.34,313.72,308.82,309.81,,286852.0
2016-10-17,309.61,311.76,307.54,309.32,,286255.0
2016-10-18,310.38,315.57,310.12,313.43,,332619.0
2016-10-19,314.68,316.14,310.88,315.63,,541023.0
2016-10-20,316.43,316.73,313.07,315.17,,612001.0
2016-10-21,313.02,317.85,312.41,316.83,,345271.0
2016-10-24,318.61,320.55,316.18,318.71,,323132.0
2016-10-25,317.4,320.41,314.98,319.66,,405456.0
2016-10-26,319.29,320.29,314.64,315.11,,382511.0
2016-10-27,315.28,316.89,299.92,301.11,,995298.0
2016-10-28,301.7,304.62,300.07,304.03,,470622.0
2016-10-31,303.7,307.67,299.98,306.01,,424912.0
2016-11-01,306.44,306.44,297.59,297.81,,891120.0
2016-11-02,298.1,299.53,293.97,296.49,,924608.0
2016-11-03,297.77,297.77,289.58,290.1,,1061312.0
2016-11-04,290.39,292.15,285.95,291.65,,1570670.0
2016-11-07,294.47,300.4,292.68,299.89,,761208.0
2016-11-08,301.01,306.8,299.57,305.13,,714456.0
2016-11-09,297.37,300.15,293.87,298.0,,806276.0
2016-11-10,297.48,297.48,275.66,283.33,,1623411.0
2016-11-11,283.41,286.48,277.94,278.4,,855101.0
2016-11-14,278.6,285.0,270.84,284.31,,897133.0
2016-11-15,285.11,296.03,284.31,289.6,,1022360.0
2016-11-16,288.01,289.47,284.81,289.29,,479712.0
2016-11-17,288.51,290.69,284.43,285.12,,445315.0
2016-11-18,285.62,288.92,285.12,286.93,,535257.0
2016-11-21,287.89,290.69,287.09,289.26,,380803.0
2016-11-22,290.1,297.25,288.91,296.16,,526558.0
2016-11-23,295.96,296.32,289.94,291.21,,494312.0
2016-11-25,290.81,293.95,289.88,292.54,,235573.0
2016-11-28,291.46,295.92,291.46,293.81,,422165.0
2016-11-29,292.38,299.49,291.08,295.67,,431992.0
2016-11-30,294.9,295.46,289.6,291.68,,922958.0
2016-12-01,291.42,291.42,282.3,283.64,,686354.0
2016-12-02,282.21,288.52,282.21,284.73,,601219.0
2016-12-05,286.09,287.34,285.0,285.93,,402770.0
2016-12-06,287.25,295.17,283.44,283.7,,948756.0
2016-12-07,284.32,292.36,281.88,291.89,,829113.0
2016-12-08,291.43,299.92,290.95,298.31,,647682.0
2016-12-09,297.1,302.34,295.84,297.94,,579061.0
2016-12-12,297.0,309.49,295.81,307.58,,895123.0
2016-12-13,307.49,318.3,307.49,311.17,,794308.0
2016-12-14,311.05,313.67,304.87,305.31,,872677.0
2016-12-15,305.89,307.33,300.33,301.2,,963884.0
2016-12-16,302.44,305.64,300.55,301.36,,988632.0
2016-12-19,302.58,306.42,300.93,305.23,,501963.0
2016-12-20,305.81,307.78,303.63,305.44,,513085.0
2016-12-21,306.09,307.17,301.16,301.38,,596249.0
2016-12-22,302.19,302.88,299.63,302.26,,628042.0
2016-12-23,303.17,308.37,301.68,307.05,,338162.0
2016-12-27,307.2,309.67,305.76,307.15,,294792.0
2016-12-28,307.58,309.58,304.32,304.69,,294428.0
2016-12-29,304.31,309.05,302.99,307.47,,372039.0
2016-12-30,308.38,308.54,304.36,307.74,,501346.0
2017-01-03,307.64,310.39,305.82,308.87,,411497.0
2017-01-04,308.71,316.26,307.48,315.06,,644347.0
2017-01-05,315.32,318.58,312.71,318.37,,492920.0
2017-01-06,318.53,321.24,316.77,319.0,,458371.0
2017-01-09,319.0,323.02,317.01,321.33,,568303.0
2017-01-10,321.6,321.6,316.87,318.61,,450017.0
2017-01-11,317.88,322.72,317.45,319.94,,547995.0
2017-01-12,319.81,322.67,317.55,322.16,,453389.0
2017-01-13,321.72,324.78,320.48,322.84,,260011.0
2017-01-17,322.69,326.25,321.42,323.86,,363203.0
2017-01-18,324.71,326.25,322.93,324.38,,353081.0
2017-01-19,324.38,328.88,323.17,328.18,,628243.0
2017-01-20,328.91,330.17,327.68,330.01,,397535.0
2017-01-23,329.47,333.56,328.41,331.8,,533226.0
2017-01-24,332.79,335.78,330.69,335.51,,401668.0
2017-01-25,335.21,336.25,329.89,331.01,,597835.0
2017-01-26,330.03,333.5,329.39,330.82,,507466.0
2017-01-27,331.72,331.95,328.91,329.74,,353009.0
2017-01-30,328.82,332.74,327.95,332.68,,313007.0
2017-01-31,332.75,334.01,330.39,331.48,,333620.0
2017-02-01,331.5,333.04,327.95,328.31,,471752.0
2017-02-02,328.85,331.82,327.47,329.84,,338974.0
2017-02-03,331.83,332.7,330.71,331.34,,286168.0
2017-02-06,331.72,332.1,328.28,328.63,,380452.0
2017-02-07,328.8,330.25,327.47,327.74,,383494.0
2017-02-08,328.6,331.0,327.55,330.61,,466569.0
2017-02-09,331.01,333.33,329.36,332.19,,471115.0
2017-02-10,333.09,333.63,330.93,332.75,,334052.0
2017-02-13,334.34,334.34,331.33,332.95,,339234.0
2017-02-14,333.13,333.13,327.31,329.47,,329605.0
2017-02-15,327.01,330.3,326.12,327.85,,457244.0
2017-02-16,322.89,330.73,318.29,321.32,,1233788.0
2017-02-17,321.9,326.0,319.96,322.27,,606218.0
2017-02-21,321.2,324.61,317.38,319.74,,695816.0
2017-02-22,319.59,321.84,318.4,321.44,,509389.0
2017-02-23,323.18,324.63,319.06,321.04,,569787.0
2017-02-24,321.33,328.78,320.29,328.65,,593720.0
2017-02-27,328.84,330.05,326.22,326.57,,356569.0
2017-02-28,326.41,329.38,325.14,325.56,,433881.0
2017-03-01,325.48,330.0,323.28,327.22,,490428.0
2017-03-02,327.23,327.41,322.56,322.66,,603259.0
2017-03-03,321.32,325.33,321.06,325.23,,331500.0
2017-03-06,321.64,327.73,321.64,326.84,,365352.0
2017-03-07,326.86,327.54,323.78,324.84,,264107.0
2017-03-08,325.0,325.0,313.29,314.61,,781476.0
2017-03-09,315.11,325.92,315.11,325.5,,3220355.0
2017-03-10,327.05,329.4,323.46,328.23,,1249979.0
2017-03-13,330.01,333.96,328.27,329.23,,1226233.0
2017-03-14,329.38,333.42,328.25,330.15,,817730.0
2017-03-15,330.4,333.7,328.21,332.23,,663047.0
2017-03-16,332.31,332.44,325.96,327.37,,743135.0
2017-03-17,327.67,327.92,324.44,325.18,,1162607.0
2017-03-20,326.13,333.59,325.58,332.05,,964616.0
2017-03-21,334.02,338.82,331.15,331.91,,833430.0
2017-03-22,332.08,336.26,331.69,335.42,,551101.0
2017-03-23,334.97,340.14,333.97,335.93,,718208.0
2017-03-24,338.19,339.72,332.49,335.96,,1714621.0
2017-03-27,333.29,334.53,330.39,332.42,,644319.0
2017-03-28,332.61,334.82,331.78,333.16,,403418.0
2017-03-29,334.19,341.48,333.06,341.08,,588899.0
2017-03-30,340.28,344.54,339.17,343.8,,482773.0
2017-03-31,342.82,349.4,342.36,346.59,,969419.0
2017-04-03,347.08,349.15,343.87,348.41,,537819.0
2017-04-04,348.55,348.55,344.81,346.25,,423659.0
2017-04-05,345.5,350.2,344.69,346.31,,414153.0
2017-04-06,345.77,348.86,344.99,348.16,,337885.0
2017-04-07,348.76,349.8,347.35,347.78,,424670.0
2017-04-10,347.56,348.44,345.47,347.08,,418028.0
2017-04-11,346.48,347.68,343.78,346.13,,450144.0
2017-04-12,345.27,346.73,343.62,346.06,,488465.0
2017-04-13,346.53,348.0,345.02,345.5,,366691.0
2017-04-17,345.37,348.89,345.37,348.88,,388675.0
2017-04-18,348.2,349.94,347.36,348.82,,285705.0
2017-04-19,349.08,350.27,347.26,349.7,,325479.0
2017-04-20,350.31,352.8,347.79,350.71,,459308.0
2017-04-21,350.95,351.1,347.39,347.86,,462762.0
2017-04-24,350.7,351.87,345.07,349.76,,539571.0
2017-04-25,349.99,352.21,349.04,351.94,,456749.0
2017-04-26,352.57,354.82,350.21,352.62,,541868.0
2017-04-27,358.73,359.08,348.87,355.74,,619481.0
2017-04-28,355.49,361.96,354.22,361.59,,558085.0
2017-05-01,361.58,364.19,360.38,363.74,,566181.0
2017-05-02,364.0,366.67,361.99,366.06,,476363.0
2017-05-03,367.13,367.89,363.74,366.34,,502476.0
2017-05-04,366.12,368.21,362.4,367.29,,572567.0
2017-05-05,367.51,369.17,365.1,368.99,,461073.0
2017-05-08,369.35,370.24,365.43,369.33,,597535.0
2017-05-09,370.2,370.35,367.41,368.7,,332422.0
2017-05-10,368.85,369.9,366.81,367.96,,366648.0
2017-05-11,367.35,371.65,366.1,371.18,,354598.0
2017-05-12,370.31,373.36,369.32,373.17,,530033.0
2017-05-15,373.0,375.5,371.43,372.08,,502299.0
2017-05-16,372.07,373.44,367.61,370.2,,364010.0
2017-05-17,369.3,372.36,368.92,369.62,,409142.0
2017-05-18,368.35,369.26,364.42,368.57,,526996.0
2017-05-19,369.38,372.06,367.03,369.42,,365260.0
2017-05-22,369.88,378.61,369.88,378.02,,407034.0
2017-05-23,379.0,381.87,377.74,378.99,,340407.0
2017-05-24,378.25,384.15,378.25,383.02,,423433.0
2017-05-25,384.95,387.87,382.6,386.97,,423103.0
2017-05-26,386.98,388.37,382.62,383.71,,296585.0
2017-05-30,383.06,385.05,382.47,382.57,,345328.0
2017-05-31,383.24,384.96,379.96,383.53,,705127.0
2017-06-01,384.13,385.28,379.2,379.98,,490396.0
2017-06-02,380.85,386.75,378.31,386.41,,527848.0
2017-06-05,384.88,387.18,382.78,386.31,,348209.0
2017-06-06,386.51,388.96,383.59,384.66,,370917.0
2017-06-07,384.41,386.41,380.18,383.25,,369442.0
2017-06-08,384.17,384.28,377.48,382.99,,388120.0
2017-06-09,382.12,385.0,378.98,381.96,,549105.0
2017-06-12,379.85,382.79,367.23,369.61,,836525.0
2017-06-13,370.1,378.3,369.99,374.42,,393340.0
2017-06-14,379.55,380.34,374.63,375.78,,407657.0
2017-06-15,373.15,378.55,371.43,377.4,,315186.0
2017-06-16,379.49,380.34,368.75,371.59,,1702031.0
2017-06-19,372.09,376.25,371.04,375.88,,455076.0
2017-06-20,377.24,378.78,374.04,377.38,,443234.0
2017-06-21,375.61,380.04,371.15,379.6,,695413.0
2017-06-22,379.35,384.82,376.57,382.9,,584970.0
2017-06-23,382.47,384.93,377.25,377.49,,1002923.0
2017-06-26,377.75,382.77,377.17,381.34,,459676.0
2017-06-27,380.86,382.5,376.69,377.13,,404454.0
2017-06-28,379.74,380.88,373.38,374.61,,356688.0
2017-06-29,372.32,374.82,362.4,366.37,,586315.0
2017-06-30,368.81,375.02,368.35,373.22,,520193.0
2017-07-03,375.29,378.4,366.4,367.66,,253337.0
2017-07-05,368.76,370.09,365.77,368.81,,367697.0
2017-07-06,366.56,368.47,362.34,363.89,,436338.0
2017-07-07,364.37,369.91,364.2,368.13,,353581.0
2017-07-10,368.54,372.21,368.0,371.42,,427427.0
2017-07-11,372.2,375.53,370.74,374.86,,545148.0
2017-07-12,376.78,382.6,374.8,380.14,,434807.0
2017-07-13,379.55,381.37,377.63,379.38,,297041.0
2017-07-14,380.84,385.65,379.76,380.65,,299134.0
2017-07-17,380.65,381.67,377.12,378.72,,454211.0
2017-07-18,378.3,381.41,375.57,381.15,,382525.0
2017-07-19,381.45,386.61,377.51,383.09,,380905.0
2017-07-20,382.82,385.78,380.96,383.7,,467284.0
2017-07-21,382.24,387.17,382.24,383.9,,512744.0
2017-07-24,383.56,385.01,381.14,384.04,,267935.0
2017-07-25,384.85,387.3,377.92,380.01,,258619.0
2017-07-26,381.19,384.81,380.01,382.69,,324973.0
2017-07-27,384.36,386.09,379.34,385.15,,368919.0
2017-07-28,384.21,389.89,384.21,389.52,,353768.0
2017-07-31,390.6,392.47,388.25,391.98,,365425.0
2017-08-01,393.3,396.02,392.1,394.03,,451306.0
2017-08-02,394.9,397.83,387.63,396.1,,632285.0
2017-08-03,399.17,399.17,384.92,390.79,,816193.0
2017-08-04,390.87,394.43,384.23,387.5,,440411.0
2017-08-07,387.83,391.81,386.09,386.33,,474558.0
2017-08-08,385.09,386.9,381.87,383.98,,295269.0
2017-08-09,384.05,390.01,382.8,389.44,,356467.0
2017-08-10,388.44,388.67,381.38,382.2,,276516.0
2017-08-11,383.27,384.3,380.32,381.25,,327059.0
2017-08-14,383.86,391.61,383.86,390.9,,430421.0
2017-08-15,387.63,390.89,387.63,389.89,,278870.0
2017-08-16,391.05,396.34,389.31,395.51,,303840.0
2017-08-17,395.5,399.04,392.42,392.7,,366006.0
2017-08-18,392.18,395.08,389.87,391.35,,466715.0
2017-08-21,390.64,394.4,390.63,393.34,,300641.0
2017-08-22,393.57,399.24,392.15,398.58,,332882.0
2017-08-23,398.07,403.76,397.99,403.39,,559936.0
2017-08-24,403.51,406.97,402.38,404.9,,475614.0
2017-08-25,406.4,408.95,405.06,407.23,,428457.0
2017-08-28,408.53,409.56,402.66,404.36,,303540.0
2017-08-29,403.66,408.29,402.21,407.27,,329727.0
2017-08-30,406.86,407.75,404.82,406.77,,311867.0
2017-08-31,407.94,410.94,406.69,409.17,,456158.0
2017-09-01,409.02,410.45,405.48,407.03,,348119.0
2017-09-05,406.04,406.62,398.5,404.87,,731022.0
2017-09-06,404.31,405.76,402.47,404.9,,508998.0
2017-09-07,405.31,409.56,403.79,406.03,,373431.0
2017-09-08,404.61,405.85,402.11,403.57,,651629.0
2017-09-11,405.77,414.67,403.96,414.42,,585894.0
2017-09-12,414.22,415.17,405.57,409.14,,447888.0
2017-09-13,409.12,409.18,399.77,400.83,,803026.0
2017-09-14,399.48,399.77,394.23,397.37,,696451.0
2017-09-15,398.83,399.84,390.92,397.72,,1018602.0
2017-09-18,398.52,399.37,392.29,393.22,,787633.0
2017-09-19,393.48,399.19,392.17,395.74,,781087.0
2017-09-20,396.35,398.74,390.48,392.42,,1017216.0
2017-09-21,392.69,393.95,390.03,390.09,,403942.0
2017-09-22,390.55,392.51,385.08,385.8,,406042.0
2017-09-25,385.96,386.09,380.77,381.91,,441707.0
2017-09-26,383.48,383.53,379.28,379.48,,412976.0
2017-09-27,379.7,387.36,376.24,386.04,,655060.0
2017-09-28,385.56,387.69,383.72,385.85,,284989.0
2017-09-29,385.67,390.55,384.06,389.85,,400700.0
2017-10-02,390.75,394.44,388.11,388.26,,418588.0
2017-10-03,387.78,387.78,384.61,386.41,,260081.0
2017-10-04,386.4,387.91,383.95,386.94,,223511.0
2017-10-05,388.86,391.47,387.14,389.08,,319311.0
2017-10-06,387.68,393.04,384.62,392.06,,381411.0
2017-10-09,392.18,395.23,391.32,394.24,,207818.0
2017-10-10,395.87,399.45,394.4,394.74,,257156.0
2017-10-11,396.27,402.94,396.2,400.92,,391779.0
2017-10-12,400.41,409.0,400.41,405.93,,438747.0
2017-10-13,408.19,408.19,402.54,404.28,,250232.0
2017-10-16,404.97,406.99,401.94,403.0,,220528.0
2017-10-17,402.18,404.27,400.59,403.2,,277964.0
2017-10-18,405.36,411.97,400.07,411.63,,404500.0
2017-10-19,411.17,412.66,410.08,411.04,,369089.0
2017-10-20,412.92,412.92,407.47,409.47,,319301.0
2017-10-23,410.06,410.06,400.25,400.78,,484395.0
2017-10-24,403.02,405.73,402.34,404.42,,289879.0
2017-10-25,404.22,407.49,399.48,400.01,,478259.0
2017-10-26,402.1,404.19,395.94,396.75,,468614.0
2017-10-27,397.08,399.37,395.75,398.77,,327238.0
2017-10-30,398.61,403.38,397.61,401.58,,245290.0
2017-10-31,400.39,405.73,399.47,404.88,,351360.0
2017-11-01,406.16,408.58,404.9,407.99,,426760.0
2017-11-02,420.16,429.6,416.15,426.87,,864566.0
2017-11-03,424.42,427.96,421.61,425.1,,464702.0
2017-11-06,423.65,430.73,423.65,429.44,,397390.0
2017-11-07,430.52,431.35,421.93,426.33,,469263.0
2017-11-08,425.35,432.7,425.35,430.63,,429240.0
2017-11-09,429.54,431.44,422.51,423.54,,243470.0
2017-11-10,422.99,423.72,420.09,421.22,,271249.0
2017-11-13,420.96,424.46,418.02,422.89,,428148.0
2017-11-14,421.1,424.81,419.56,421.96,,274403.0
2017-11-15,420.48,424.05,415.35,416.14,,312721.0
2017-11-16,416.56,418.75,415.19,416.73,,463455.0
2017-11-17,415.54,417.2,412.27,414.72,,297214.0
2017-11-20,416.01,416.24,412.69,413.92,,174125.0
2017-11-21,414.62,416.76,413.39,416.0,,374309.0
2017-11-22,414.96,416.67,412.96,414.34,,173513.0
2017-11-24,414.89,418.17,414.25,415.83,,99630.0
2017-11-27,415.81,422.12,414.11,420.09,,316294.0
2017-11-28,422.26,422.34,417.4,419.24,,332594.0
2017-11-29,419.28,419.28,407.82,410.79,,420168.0
2017-11-30,410.68,410.68,404.63,407.43,,590724.0
2017-12-01,407.66,411.79,404.58,411.53,,367982.0
2017-12-04,413.17,413.48,387.51,387.95,,655033.0
2017-12-05,387.96,394.19,386.83,390.85,,424319.0
2017-12-06,391.98,397.11,390.8,394.93,,324553.0
2017-12-07,395.37,401.83,392.98,399.78,,532614.0
2017-12-08,402.65,403.19,394.89,396.82,,381615.0
2017-12-11,396.15,399.61,391.58,394.35,,481678.0
2017-12-12,394.46,397.45,391.57,394.9,,321990.0
2017-12-13,398.85,401.71,394.94,395.84,,618088.0
2017-12-14,396.77,404.52,394.9,403.8,,390151.0
2017-12-15,405.62,405.62,399.38,401.61,,769772.0
2017-12-18,401.61,405.23,399.51,399.82,,546300.0
2017-12-19,399.68,400.49,390.61,393.42,,372187.0
2017-12-20,391.42,393.11,390.3,392.26,,484943.0
2017-12-21,393.68,395.67,390.04,391.11,,321018.0
2017-12-22,391.75,393.14,389.24,391.74,,366070.0
2017-12-26,388.59,392.54,388.27,391.83,,314742.0
2017-12-27,392.7,396.61,390.97,396.2,,248618.0
2017-12-28,395.7,400.54,394.19,399.2,,300692.0
2017-12-29,399.59,402.49,397.15,397.54,,264660.0
2018-01-02,397.82,400.47,391.18,392.02,,559804.0
2018-01-03,393.97,396.97,391.78,393.82,,460017.0
2018-01-04,394.13,395.12,392.47,392.92,,449089.0
2018-01-05,394.85,395.54,392.8,394.27,,331565.0
2018-01-08,395.41,404.68,392.97,401.91,,474446.0
2018-01-09,403.39,405.01,398.24,399.97,,397379.0
2018-01-10,397.37,398.04,387.93,388.58,,631575.0
2018-01-11,388.58,396.72,381.6,381.9,,602151.0
2018-01-12,382.59,385.54,375.69,382.4,,1089000.0
2018-01-16,383.14,397.01,382.87,393.05,,831591.0
2018-01-17,393.73,396.9,385.21,387.61,,623323.0
2018-01-18,386.04,390.27,383.16,383.71,,773255.0
2018-01-19,384.88,387.76,380.23,384.1,,591620.0
2018-01-22,384.19,385.32,380.08,382.48,,700561.0
2018-01-23,382.61,391.4,381.19,387.7,,790038.0
2018-01-24,388.39,390.97,384.94,387.09,,603680.0
2018-01-25,387.23,390.14,379.81,385.22,,917592.0
2018-01-26,381.56,388.3,378.94,387.34,,1220813.0
2018-01-29,392.07,394.63,381.1,381.7,,620648.0
2018-01-30,377.18,387.56,377.18,385.56,,646837.0
2018-01-31,388.1,402.3,386.04,399.27,,730378.0
2018-02-01,397.08,401.61,389.25,389.93,,563577.0
2018-02-02,387.7,391.44,382.02,383.62,,529966.0
2018-02-05,383.3,387.56,374.55,377.01,,493018.0
2018-02-06,374.82,380.72,369.47,377.92,,697783.0
2018-02-07,377.18,384.24,373.49,373.74,,421448.0
2018-02-08,375.05,377.18,359.58,359.62,,848411.0
2018-02-09,361.39,377.19,359.18,373.5,,993716.0
2018-02-12,375.96,384.34,365.04,378.45,,875277.0
2018-02-13,378.66,384.04,373.68,382.66,,866067.0
2018-02-14,380.95,383.21,376.24,382.29,,864776.0
2018-02-15,366.89,368.41,351.74,357.27,,2770234.0
2018-02-16,355.5,358.48,347.61,353.76,,1313728.0
2018-02-20,351.52,356.09,347.46,347.74,,793345.0
2018-02-21,346.48,347.39,337.34,337.63,,1192493.0
2018-02-22,341.08,345.2,337.02,342.49,,856445.0
2018-02-23,344.19,355.09,344.19,348.34,,1029430.0
2018-02-26,349.96,350.61,344.98,347.75,,452708.0
2018-02-27,348.36,349.93,343.59,345.13,,512699.0
2018-02-28,349.87,351.52,345.2,345.92,,592631.0
2018-03-01,346.72,348.19,340.08,340.79,,549060.0
2018-03-02,340.24,341.44,330.75,336.85,,808043.0
2018-03-05,327.12,344.95,327.12,342.75,,426608.0
2018-03-06,342.21,348.49,341.38,345.49,,432578.0
2018-03-07,344.2,347.74,343.87,345.28,,649384.0
2018-03-08,346.77,346.77,341.75,343.55,,542990.0
2018-03-09,345.21,348.81,343.06,348.62,,455301.0
2018-03-12,350.67,352.79,348.37,348.79,,1025596.0
2018-03-13,350.59,358.15,350.54,357.67,,799834.0
2018-03-14,357.21,367.39,356.55,364.98,,908594.0
2018-03-15,363.99,366.72,362.35,366.32,,706788.0
2018-03-16,368.18,371.41,365.02,370.44,,1056853.0
2018-03-19,366.42,368.92,360.93,363.22,,942956.0
2018-03-20,362.87,366.97,362.87,366.35,,419422.0
2018-03-21,366.77,366.99,359.67,363.33,,559147.0
2018-03-22,362.47,371.28,359.79,368.4,,1023078.0
2018-03-23,368.54,369.75,353.77,354.37,,829950.0
2018-03-26,358.04,361.95,356.74,361.37,,447177.0
2018-03-27,362.38,368.11,356.42,361.6,,505943.0
2018-03-28,362.95,369.16,362.55,367.9,,590493.0
2018-03-29,370.61,371.94,365.94,368.89,,628824.0
2018-04-02,369.76,370.36,356.15,360.43,,627355.0
2018-04-03,360.93,363.85,357.28,360.48,,467491.0
2018-04-04,358.35,364.52,356.58,363.47,,497914.0
2018-04-05,364.01,365.78,360.84,364.88,,386004.0
2018-04-06,363.34,367.21,356.81,359.1,,518876.0
2018-04-09,361.79,368.66,359.99,361.33,,535653.0
2018-04-10,363.77,366.28,355.24,357.82,,607414.0
2018-04-11,355.75,363.36,354.35,360.81,,465630.0
2018-04-12,361.94,362.24,353.54,353.95,,358743.0
2018-04-13,354.69,357.21,352.82,354.17,,345843.0
2018-04-16,355.38,358.74,353.78,357.76,,396676.0
2018-04-17,358.23,364.64,355.61,361.5,,579242.0
2018-04-18,363.06,366.12,360.98,365.4,,483379.0
2018-04-19,363.93,363.93,358.18,361.15,,382344.0
2018-04-20,362.77,365.49,357.4,358.23,,411177.0
2018-04-23,358.72,360.69,357.41,359.58,,568473.0
2018-04-24,360.83,362.35,359.35,361.3,,615949.0
2018-04-25,360.47,362.93,358.33,361.9,,460362.0
2018-04-26,364.33,369.24,361.67,367.07,,364749.0
2018-04-27,367.23,372.46,366.12,371.55,,485837.0
2018-04-30,372.71,373.53,369.69,371.23,,538460.0
2018-05-01,371.23,374.83,368.67,373.21,,450184.0
2018-05-02,372.44,382.23,370.76,374.14,,1047389.0
2018-05-03,367.89,373.18,346.82,351.24,,1441011.0
2018-05-04,349.54,357.98,349.54,356.31,,548679.0
2018-05-07,356.5,357.7,346.02,347.74,,705405.0
2018-05-08,346.25,347.52,339.17,342.6,,978522.0
2018-05-09,343.41,344.32,340.66,342.45,,483982.0
2018-05-10,344.26,351.96,343.64,351.71,,390264.0
2018-05-11,352.89,358.2,351.28,354.56,,431850.0
2018-05-14,353.28,355.19,350.1,351.08,,274674.0
2018-05-15,348.01,349.18,341.08,342.58,,553475.0
2018-05-16,343.15,347.6,339.27,340.33,,425339.0
2018-05-17,340.55,342.02,335.38,336.95,,426643.0
2018-05-18,337.01,343.77,336.96,340.41,,634226.0
2018-05-21,341.63,343.12,339.58,342.96,,482765.0
2018-05-22,344.2,344.6,339.24,340.07,,413653.0
2018-05-23,338.98,341.68,336.94,341.16,,552952.0
2018-05-24,347.51,347.89,341.84,343.45,,610365.0
2018-05-25,342.96,347.33,341.44,344.38,,365354.0
2018-05-29,344.91,352.01,342.18,351.53,,589484.0
2018-05-30,349.53,357.93,349.53,356.13,,603626.0
2018-05-31,351.66,357.78,349.67,352.19,,901470.0
2018-06-01,352.49,355.4,350.76,354.29,,670350.0
2018-06-04,353.68,356.48,351.35,355.82,,403736.0
2018-06-05,356.24,357.65,350.47,351.06,,518106.0
2018-06-06,351.12,353.01,346.77,351.0,,418438.0
2018-06-07,350.93,353.8,349.13,352.7,,390240.0
2018-06-08,351.44,358.36,350.7,357.96,,439477.0
2018-06-11,357.73,361.85,357.24,358.74,,521884.0
2018-06-12,358.77,361.79,356.58,359.72,,504241.0
2018-06-13,360.22,361.19,347.2,348.5,,559932.0
2018-06-14,350.71,352.73,348.78,352.09,,588580.0
2018-06-15,352.76,356.74,351.22,353.89,,831469.0
2018-06-18,352.64,356.77,350.6,356.49,,451182.0
2018-06-19,352.31,358.98,352.31,356.55,,628915.0
2018-06-20,356.55,370.85,356.42,364.5,,1151144.0
2018-06-21,365.19,373.84,363.99,371.85,,999706.0
2018-06-22,373.62,373.62,364.38,371.73,,1106290.0
2018-06-25,369.12,373.56,367.14,371.47,,1060318.0
2018-06-26,372.74,383.37,370.7,380.72,,1497027.0
2018-06-27,382.6,383.06,377.48,377.68,,730700.0
2018-06-28,379.27,381.35,373.23,378.99,,445258.0
2018-06-29,380.3,383.76,374.41,381.51,,547710.0
2018-07-02,381.03,382.66,375.55,380.02,,562231.0
2018-07-03,380.4,381.25,377.25,378.27,,333744.0
2018-07-05,379.36,390.73,379.36,390.62,,796101.0
2018-07-06,392.86,396.62,392.86,395.55,,524676.0
2018-07-09,396.63,396.63,389.91,392.71,,422684.0
2018-07-10,392.26,398.82,390.49,395.7,,470736.0
2018-07-11,395.25,397.49,391.5,393.57,,381232.0
2018-07-12,394.58,396.4,392.23,395.52,,339352.0
2018-07-13,395.03,397.1,393.02,393.53,,281759.0
2018-07-16,393.27,394.66,388.05,390.29,,371387.0
2018-07-17,391.47,392.65,388.37,389.11,,405968.0
2018-07-18,387.23,389.52,375.92,385.65,,350634.0
2018-07-19,386.0,390.3,384.93,387.99,,376857.0
2018-07-20,388.46,388.46,383.62,385.36,,362830.0
2018-07-23,384.13,386.73,378.72,380.55,,505680.0
2018-07-24,380.69,381.6,376.68,380.48,,746925.0
2018-07-25,381.75,385.08,380.08,383.95,,399631.0
2018-07-26,385.16,388.8,381.97,386.23,,487245.0
2018-07-27,385.78,398.25,385.78,393.33,,594793.0
2018-07-30,393.07,395.72,383.53,383.97,,639789.0
2018-07-31,385.86,392.62,384.44,389.85,,684729.0
2018-08-01,387.82,396.13,378.06,395.04,,527769.0
2018-08-02,394.27,399.63,390.18,397.49,,476485.0
2018-08-03,397.23,405.4,393.5,404.18,,642954.0
2018-08-06,403.31,406.45,397.46,401.91,,539773.0
2018-08-07,402.16,402.16,395.79,397.5,,492367.0
2018-08-08,402.16,402.16,396.24,397.14,,633675.0
2018-08-09,386.5,403.98,386.43,394.91,,963739.0
2018-08-10,392.88,393.89,387.83,388.04,,679515.0
2018-08-13,388.73,392.31,387.89,391.21,,426785.0
2018-08-14,389.53,391.63,384.71,385.18,,638667.0
2018-08-15,384.49,388.88,383.9,387.3,,524082.0
2018-08-16,388.53,394.68,387.22,393.68,,820678.0
2018-08-17,391.83,394.4,388.39,389.39,,486584.0
2018-08-20,391.11,391.11,386.32,389.0,,509332.0
2018-08-21,388.69,388.98,385.74,385.95,,467507.0
2018-08-22,385.99,387.99,382.04,383.57,,339695.0
2018-08-23,384.88,385.95,382.25,382.88,,325870.0
2018-08-24,382.38,385.83,380.41,383.64,,501775.0
2018-08-27,384.41,386.64,383.36,385.9,,391606.0
2018-08-28,385.71,388.89,383.76,388.69,,324423.0
2018-08-29,388.57,392.45,387.53,389.07,,324096.0
2018-08-30,389.34,390.59,381.87,384.24,,339520.0
2018-08-31,384.46,389.56,384.46,389.09,,442767.0
2018-09-04,387.49,388.9,379.96,382.19,,486024.0
2018-09-05,381.39,384.62,376.04,383.81,,663961.0
2018-09-06,383.58,385.95,380.16,385.1,,432902.0
2018-09-07,384.34,386.97,383.18,384.6,,318886.0
2018-09-10,384.85,390.31,383.62,387.21,,536081.0
2018-09-11,386.75,388.26,384.07,387.78,,370495.0
2018-09-12,389.51,392.52,385.41,392.04,,412892.0
2018-09-13,394.36,397.9,392.01,395.97,,527175.0
2018-09-14,395.52,399.98,392.95,399.81,,473157.0
2018-09-17,399.87,401.25,396.48,399.06,,509732.0
2018-09-18,399.41,401.39,396.68,397.19,,349382.0
2018-09-19,396.5,399.01,393.75,394.57,,283344.0
2018-09-20,394.95,398.7,393.85,397.01,,388104.0
2018-09-21,398.32,399.5,393.95,394.04,,658263.0
2018-09-24,391.15,391.15,382.93,385.38,,453175.0
2018-09-25,393.38,393.38,379.88,382.52,,428681.0
2018-09-26,382.57,382.57,376.41,377.49,,579202.0
2018-09-27,378.25,385.53,377.32,383.76,,518412.0
2018-09-28,383.76,390.07,382.83,386.2,,651421.0
2018-10-01,386.53,388.83,384.72,384.83,,417910.0
2018-10-02,385.66,386.17,381.94,385.24,,350115.0
2018-10-03,385.21,389.11,378.06,379.43,,459592.0
2018-10-04,377.82,378.95,373.36,376.9,,267771.0
2018-10-05,376.45,377.35,371.66,372.31,,670106.0
2018-10-08,371.05,377.24,370.47,373.76,,514358.0
2018-10-09,372.51,376.33,370.16,371.66,,519612.0
2018-10-10,371.13,374.48,365.78,365.85,,579266.0
2018-10-11,366.11,366.34,352.19,354.25,,640207.0
2018-10-12,356.43,358.87,350.55,353.24,,691285.0
2018-10-15,353.84,356.95,351.84,353.82,,305919.0
2018-10-16,356.24,365.21,354.65,364.25,,374353.0
2018-10-17,364.16,367.01,362.44,366.17,,346244.0
2018-10-18,365.64,368.92,363.25,367.25,,356855.0
2018-10-19,367.37,374.17,367.37,369.63,,435962.0
2018-10-22,369.88,372.76,366.65,367.32,,262957.0
2018-10-23,365.08,368.6,361.27,367.04,,401471.0
2018-10-24,366.93,375.23,366.93,371.8,,359192.0
2018-10-25,373.49,375.62,365.83,367.54,,458773.0
2018-10-26,365.41,365.78,342.44,343.67,,1075961.0
2018-10-29,346.33,349.5,336.56,338.94,,701203.0
2018-10-30,339.49,342.23,334.01,336.15,,851234.0
2018-10-31,342.74,342.74,335.93,337.89,,804085.0
2018-11-01,338.86,348.66,338.13,344.98,,577316.0
2018-11-02,349.93,354.42,341.23,350.11,,1086299.0
2018-11-05,354.63,358.1,351.12,353.7,,709866.0
2018-11-06,353.89,356.72,350.76,353.33,,548383.0
2018-11-07,356.86,358.36,354.06,356.86,,533268.0
2018-11-08,357.38,357.88,347.17,347.47,,755763.0
2018-11-09,347.46,348.16,339.75,343.42,,741214.0
2018-11-12,343.35,349.04,343.35,347.42,,487737.0
2018-11-13,348.6,348.96,343.63,344.2,,490677.0
2018-11-14,345.76,348.48,341.08,345.81,,438689.0
2018-11-15,345.28,347.43,338.77,345.77,,496981.0
2018-11-16,343.88,349.49,343.72,348.78,,650051.0
2018-11-19,349.75,354.34,342.46,344.15,,438167.0
2018-11-20,344.49,346.42,335.86,337.89,,813362.0
2018-11-21,338.91,346.52,336.31,343.62,,440172.0
2018-11-23,341.88,343.24,339.75,341.39,,193654.0
2018-11-26,343.23,344.61,341.28,342.98,,572144.0
2018-11-27,342.99,345.91,339.57,342.92,,334269.0
2018-11-28,343.03,345.94,340.84,344.67,,618404.0
2018-11-29,346.0,346.57,342.3,344.72,,486549.0
2018-11-30,344.4,348.5,342.53,345.77,,786513.0
2018-12-03,347.72,351.52,345.77,351.0,,487571.0
2018-12-04,352.46,355.92,344.54,345.6,,754033.0
2018-12-06,342.75,352.61,339.19,352.45,,663476.0
2018-12-07,350.71,352.99,344.58,346.84,,450316.0
2018-12-10,348.35,349.79,342.48,347.38,,403102.0
2018-12-11,348.83,351.5,347.37,349.83,,449368.0
2018-12-12,350.28,355.84,347.03,347.42,,525929.0
2018-12-13,348.49,354.72,348.42,349.4,,429027.0
2018-12-14,347.98,349.32,344.41,347.22,,505286.0
2018-12-17,347.21,347.8,330.76,331.21,,832649.0
2018-12-18,333.73,338.39,331.59,332.93,,527322.0
2018-12-19,332.51,335.73,329.44,330.66,,795678.0
2018-12-20,329.74,330.08,318.89,321.48,,762816.0
2018-12-21,321.84,326.38,312.87,314.39,,1277511.0
2018-12-24,312.99,314.02,304.21,304.25,,339736.0
2018-12-26,305.49,313.45,300.91,313.45,,594813.0
2018-12-27,310.2,313.2,303.04,310.87,,569727.0
2018-12-28,312.99,319.62,311.5,316.67,,569930.0
2018-12-31,316.22,317.07,311.96,316.41,,384385.0
2019-01-02,313.46,316.52,308.35,314.11,,664554.0
2019-01-03,312.9,319.02,309.77,310.46,,779663.0
2019-01-04,312.13,320.07,310.84,317.51,,543717.0
2019-01-07,316.8,320.41,315.37,318.15,,730277.0
2019-01-08,320.77,325.94,320.77,324.75,,680840.0
2019-01-09,326.39,327.65,312.53,320.68,,1024838.0
2019-01-10,319.77,333.15,318.63,332.67,,1033639.0
2019-01-11,332.02,334.12,328.96,333.34,,433609.0
2019-01-14,332.33,338.47,332.05,337.96,,638246.0
2019-01-15,340.55,344.25,339.37,343.71,,721234.0
2019-01-16,342.12,344.78,340.61,342.03,,620847.0
2019-01-17,341.9,344.25,340.32,342.67,,490227.0
2019-01-18,344.15,344.15,335.42,336.25,,638145.0
2019-01-22,336.25,337.25,330.49,332.96,,858564.0
2019-01-23,332.83,333.57,325.91,327.8,,667121.0
2019-01-24,320.7,333.46,320.7,333.21,,492603.0
2019-01-25,333.65,334.87,327.49,331.55,,760611.0
2019-01-28,330.22,339.21,326.58,338.44,,466570.0
2019-01-29,339.33,340.92,335.55,340.39,,352133.0
2019-01-30,340.39,345.34,340.27,343.73,,400285.0
2019-01-31,343.57,354.34,340.95,353.6,,591355.0
2019-02-01,353.1,355.98,350.79,355.73,,646085.0
2019-02-04,356.29,356.29,352.13,354.75,,487560.0
2019-02-05,356.32,358.08,334.52,355.2,,527694.0
2019-02-06,354.49,356.26,348.56,350.1,,732609.0
2019-02-07,349.11,351.91,346.4,349.82,,402415.0
2019-02-08,348.68,355.38,348.11,355.23,,354574.0
2019-02-11,356.24,359.74,355.06,359.04,,408280.0
2019-02-12,359.55,359.55,353.22,356.72,,346102.0
2019-02-13,347.27,357.89,346.33,351.72,,575474.0
2019-02-14,369.75,379.12,358.59,377.46,,1551941.0
2019-02-15,378.25,378.78,374.6,378.18,,689272.0
2019-02-19,378.72,388.61,375.49,386.43,,660514.0
2019-02-20,384.49,389.17,383.66,387.28,,598363.0
2019-02-21,385.07,385.9,380.79,382.19,,397000.0
2019-02-22,384.09,386.12,380.29,384.59,,341746.0
2019-02-25,385.01,385.9,381.88,384.99,,580167.0
2019-02-26,386.4,387.0,383.62,384.38,,422337.0
2019-02-27,380.43,384.97,376.62,377.44,,525899.0
2019-02-28,381.08,384.59,376.93,382.27,,1549799.0
2019-03-01,383.13,391.33,379.11,390.65,,786460.0
2019-03-04,391.25,391.88,382.02,385.41,,704347.0
2019-03-05,385.38,388.37,383.26,385.35,,420316.0
2019-03-06,384.68,386.33,381.7,383.31,,376463.0
2019-03-07,381.58,389.38,380.18,385.2,,510158.0
2019-03-08,385.29,389.04,383.17,388.48,,581512.0
2019-03-11,388.93,395.81,388.93,395.65,,560358.0
2019-03-12,396.93,399.47,395.46,395.81,,613992.0
2019-03-13,395.37,398.85,395.21,396.14,,588511.0
2019-03-14,396.71,399.79,393.82,397.59,,398374.0
2019-03-15,397.08,399.64,395.65,398.61,,1206946.0
2019-03-18,399.42,401.49,397.93,400.86,,370031.0
2019-03-19,401.69,402.71,398.88,400.36,,383280.0
2019-03-20,399.1,405.28,398.5,404.45,,590156.0
2019-03-21,404.32,413.78,401.22,413.67,,569470.0
2019-03-22,414.16,416.01,407.19,407.54,,644393.0
2019-03-25,408.22,409.34,401.93,402.74,,449457.0
2019-03-26,402.47,405.03,399.64,404.08,,379210.0
2019-03-27,405.72,407.58,401.7,404.45,,390868.0
2019-03-28,405.95,408.19,403.34,406.15,,415189.0
2019-03-29,407.51,409.66,401.64,409.04,,524443.0
2019-04-01,400.37,412.3,400.37,411.87,,376172.0
2019-04-02,412.92,416.79,410.72,415.61,,483988.0
2019-04-03,416.76,420.73,411.32,417.03,,531651.0
2019-04-04,417.51,419.48,415.12,416.51,,448872.0
2019-04-05,416.99,421.79,415.62,421.19,,284764.0
2019-04-08,421.3,422.42,415.5,418.29,,251049.0
2019-04-09,418.09,419.03,414.45,415.31,,284551.0
2019-04-10,416.62,417.91,414.78,416.3,,304241.0
2019-04-11,412.49,417.85,412.49,415.82,,256256.0
2019-04-12,413.24,418.82,409.54,418.26,,369938.0
2019-04-15,417.3,417.98,412.82,415.21,,286067.0
2019-04-16,416.94,416.94,407.39,408.59,,346948.0
2019-04-17,410.17,410.26,401.7,403.95,,342270.0
2019-04-18,406.34,406.34,401.62,402.97,,452574.0
2019-04-22,402.34,405.26,399.7,403.69,,445234.0
2019-04-23,405.69,408.73,401.23,406.38,,369845.0
2019-04-24,406.89,409.96,402.51,409.31,,268397.0
2019-04-25,407.01,411.4,403.71,409.7,,223826.0
2019-04-26,409.63,409.63,397.81,408.94,,361028.0
2019-04-29,407.59,409.78,402.81,405.11,,296249.0
2019-04-30,405.84,411.74,402.61,410.43,,408134.0
2019-05-01,409.44,414.77,405.76,406.19,,498960.0
2019-05-02,424.24,433.21,416.96,419.73,,726237.0
2019-05-03,420.92,430.55,419.18,430.55,,420240.0
2019-05-06,426.46,433.99,426.28,431.94,,496457.0
2019-05-07,431.37,431.91,425.98,428.69,,524081.0
2019-05-08,427.46,436.55,425.73,432.34,,590603.0
2019-05-09,431.26,432.66,426.96,430.19,,335843.0
2019-05-10,429.89,434.83,428.43,433.1,,438204.0
2019-05-13,427.45,430.73,426.47,429.87,,499174.0
2019-05-14,431.04,437.33,430.57,436.88,,419705.0
2019-05-15,437.1,440.83,436.09,439.24,,279095.0
2019-05-16,440.05,445.9,439.6,443.88,,326999.0
2019-05-17,440.14,443.05,437.92,442.54,,289400.0
2019-05-20,440.38,440.87,433.36,433.37,,379419.0
2019-05-21,433.59,440.98,433.59,439.5,,403144.0
2019-05-22,438.95,448.73,435.93,448.16,,332584.0
2019-05-23,447.13,450.5,446.35,450.22,,467858.0
2019-05-24,452.48,453.61,449.94,450.45,,251629.0
2019-05-28,450.71,453.79,445.65,445.65,,285114.0
2019-05-29,445.43,445.99,436.64,437.78,,277966.0
2019-05-30,438.28,442.57,438.28,442.1,,332570.0
2019-05-31,440.14,443.8,438.79,440.72,,337741.0
2019-06-03,442.37,444.19,437.42,440.53,,461927.0
2019-06-04,440.47,440.54,428.03,436.42,,494201.0
2019-06-05,439.43,449.44,437.7,449.34,,306851.0
2019-06-06,450.72,451.72,445.71,448.76,,333960.0
2019-06-07,450.47,453.57,449.16,453.25,,262149.0
2019-06-10,452.83,460.24,451.43,459.07,,329440.0
2019-06-11,460.22,461.56,452.94,457.46,,303278.0
2019-06-12,458.83,461.76,456.31,456.94,,221475.0
2019-06-13,458.54,460.89,456.55,460.23,,399870.0
2019-06-14,460.23,465.34,458.61,462.61,,318578.0
2019-06-17,463.82,467.29,462.04,464.02,,354186.0
2019-06-18,466.72,468.99,455.83,456.54,,461339.0
2019-06-19,456.05,466.13,455.32,463.74,,351896.0
2019-06-20,467.25,468.02,459.7,461.2,,433004.0
2019-06-21,461.81,462.11,453.16,460.95,,761611.0
2019-06-24,462.68,465.31,459.12,462.72,,285517.0
2019-06-25,461.62,465.39,453.09,453.65,,246011.0
2019-06-26,453.64,454.6,440.53,444.79,,489834.0
2019-06-27,445.74,452.64,445.74,451.97,,262520.0
2019-06-28,452.47,457.86,450.31,457.5,,550962.0
2019-07-01,461.81,462.68,451.82,458.09,,367828.0
2019-07-02,459.39,467.46,458.21,467.16,,348998.0
2019-07-03,467.55,471.97,467.55,470.8,,180236.0
2019-07-05,469.06,472.07,463.16,470.1,,167968.0
2019-07-08,470.3,471.75,467.98,470.99,,196436.0
2019-07-09,469.32,473.3,468.88,473.11,,235258.0
2019-07-10,473.69,478.48,470.03,478.25,,315604.0
2019-07-11,479.89,479.9,472.26,475.27,,292396.0
2019-07-12,476.29,478.04,468.59,469.95,,301706.0
2019-07-15,472.94,475.02,467.75,469.02,,181402.0
2019-07-16,467.51,468.71,464.47,466.51,,319374.0
2019-07-17,470.66,470.88,461.78,464.66,,211926.0
2019-07-18,462.25,465.82,461.04,464.65,,293907.0
2019-07-19,466.74,467.94,459.56,459.61,,305069.0
2019-07-22,458.52,461.57,457.31,459.42,,243803.0
2019-07-23,461.26,462.59,455.31,460.26,,335404.0
2019-07-24,460.3,463.57,457.88,461.16,,279535.0
2019-07-25,459.96,460.42,444.58,444.97,,533236.0
2019-07-26,446.51,449.07,439.51,443.46,,523613.0
2019-07-29,449.05,450.85,439.31,441.43,,394061.0
2019-07-30,440.18,453.16,439.61,452.54,,465169.0
2019-07-31,451.49,463.85,448.09,455.51,,741475.0
2019-08-01,480.35,481.48,458.06,474.25,,720070.0
2019-08-02,477.3,483.62,472.44,475.46,,580373.0
2019-08-05,470.46,475.08,459.1,465.11,,430088.0
2019-08-06,465.84,474.95,465.4,471.63,,366804.0
2019-08-07,469.98,485.21,464.49,483.63,,436620.0
2019-08-08,482.0,498.97,478.58,498.28,,550847.0
2019-08-09,498.97,502.16,496.09,501.17,,499105.0
2019-08-12,499.46,505.81,498.62,501.96,,403898.0
2019-08-13,502.37,502.92,494.43,497.5,,453622.0
2019-08-14,493.93,497.76,487.36,489.79,,472854.0
2019-08-15,491.08,499.12,489.44,495.65,,359920.0
2019-08-16,496.48,502.46,494.44,500.61,,575008.0
2019-08-19,504.61,506.19,499.31,504.17,,282345.0
2019-08-20,502.34,505.3,498.23,498.48,,257628.0
2019-08-21,500.14,503.13,496.99,503.13,,198882.0
2019-08-22,502.71,508.9,499.05,505.24,,270538.0
2019-08-23,507.97,509.71,498.61,500.69,,319206.0
2019-08-26,501.24,509.22,501.21,509.12,,203083.0
2019-08-27,510.77,512.58,506.18,508.07,,590014.0
2019-08-28,508.83,510.0,502.47,504.43,,303964.0
2019-08-29,507.33,509.23,505.73,508.25,,339660.0
2019-08-30,508.5,509.92,504.15,506.94,,299439.0
2019-09-03,506.12,516.15,505.05,515.71,,296894.0
2019-09-04,514.79,517.52,505.8,508.95,,445934.0
2019-09-05,509.2,510.33,499.11,502.13,,486520.0
2019-09-06,503.44,510.94,502.77,504.94,,366858.0
2019-09-09,504.95,505.14,489.15,490.47,,397049.0
2019-09-10,488.01,488.01,478.78,484.3,,496324.0
2019-09-11,483.16,486.05,479.34,481.57,,530188.0
2019-09-12,482.98,491.81,481.62,491.08,,435411.0
2019-09-13,489.37,491.26,484.62,489.18,,329609.0
2019-09-16,490.04,502.31,488.63,501.15,,297618.0
2019-09-17,502.55,510.32,496.84,509.33,,380670.0
2019-09-18,509.87,511.41,497.27,511.24,,362113.0
2019-09-19,510.79,520.2,509.72,518.56,,472019.0
2019-09-20,518.14,520.99,514.6,516.2,,1100291.0
2019-09-23,524.02,555.86,519.28,530.11,,715882.0
2019-09-24,530.57,531.24,516.81,521.3,,519717.0
2019-09-25,523.6,528.85,512.15,527.87,,389004.0
2019-09-26,526.13,532.65,525.94,531.3,,273689.0
2019-09-27,529.47,531.73,522.47,525.47,,293021.0
2019-09-30,527.39,530.59,523.35,525.64,,302734.0
2019-10-01,523.85,526.93,517.57,519.07,,313231.0
2019-10-02,517.73,520.82,505.93,511.71,,563882.0
2019-10-03,513.21,524.69,512.85,524.68,,419636.0
2019-10-04,526.39,530.77,524.84,530.06,,307210.0
2019-10-07,526.61,529.42,524.5,526.1,,224773.0
2019-10-08,525.06,526.52,518.84,518.98,,281715.0
2019-10-09,520.27,527.91,519.5,524.0,,274056.0
2019-10-10,522.66,523.92,517.74,521.44,,230968.0
2019-10-11,525.08,525.08,515.68,516.35,,280923.0
2019-10-14,516.69,520.55,514.93,517.16,,194950.0
2019-10-15,519.99,523.24,515.79,520.94,,207367.0
2019-10-16,517.76,518.44,511.14,517.52,,313231.0
2019-10-17,520.29,525.35,518.94,521.12,,198927.0
2019-10-18,523.83,525.97,520.64,525.28,,247936.0
2019-10-21,525.28,527.02,521.29,526.14,,270841.0
2019-10-22,531.0,531.0,519.28,519.38,,271583.0
2019-10-23,519.16,521.82,509.35,516.36,,370559.0
2019-10-24,518.98,518.98,511.49,513.37,,330878.0
2019-10-25,512.46,516.29,504.56,515.56,,381855.0
2019-10-28,514.18,518.13,513.22,516.82,,288099.0
2019-10-29,515.69,525.14,515.58,517.18,,307090.0
2019-10-30,520.1,526.47,516.2,520.5,,562788.0
2019-10-31,521.9,523.91,504.69,516.51,,697845.0
2019-11-01,515.18,517.13,507.72,512.37,,431932.0
2019-11-04,510.94,511.06,494.27,495.02,,662380.0
2019-11-05,494.05,494.05,477.33,480.43,,939810.0
2019-11-06,483.05,487.54,481.03,484.7,,377467.0
2019-11-07,483.86,483.86,473.3,476.15,,387073.0
2019-11-08,477.03,488.42,475.62,483.27,,506731.0
2019-11-11,483.22,491.52,483.22,487.54,,312559.0
2019-11-12,488.12,491.2,480.12,484.12,,359814.0
2019-11-13,486.38,493.89,485.29,492.77,,434239.0
2019-11-14,494.11,500.39,491.48,496.39,,524028.0
2019-11-15,500.16,503.05,495.49,501.59,,452555.0
2019-11-18,501.21,511.2,501.21,508.7,,352314.0
2019-11-19,510.07,520.69,508.31,517.09,,404269.0
2019-11-20,517.13,524.61,516.12,520.57,,398165.0
2019-11-21,517.66,522.25,510.84,512.7,,323028.0
2019-11-22,515.15,519.28,509.12,510.33,,318920.0
2019-11-25,512.19,515.72,506.33,506.92,,472531.0
2019-11-26,506.34,509.54,504.23,507.68,,850823.0
2019-11-27,508.39,518.93,504.79,517.3,,302277.0
2019-11-29,517.68,520.85,517.28,518.82,,187198.0
2019-12-02,516.95,516.95,503.11,503.16,,395225.0
2019-12-03,504.04,508.86,500.71,505.78,,447880.0
2019-12-04,503.18,516.23,502.26,515.23,,413708.0
2019-12-05,513.71,516.19,508.82,512.6,,337743.0
2019-12-06,514.55,518.95,511.52,511.81,,307253.0
2019-12-09,512.15,514.95,510.07,513.21,,216786.0
2019-12-10,515.73,516.97,509.05,510.47,,340459.0
2019-12-11,511.84,516.32,507.52,511.76,,332957.0
2019-12-12,513.8,513.8,499.97,501.38,,387306.0
2019-12-13,501.26,505.9,497.09,505.08,,553615.0
2019-12-16,505.73,516.08,500.79,515.11,,473051.0
2019-12-17,517.66,522.63,508.89,510.28,,411547.0
2019-12-18,512.18,518.82,511.03,517.54,,491747.0
2019-12-19,518.52,529.46,516.69,527.12,,388886.0
2019-12-20,532.55,532.87,525.18,528.76,,931949.0
2019-12-23,528.45,530.25,521.8,523.2,,181712.0
2019-12-24,523.11,527.84,520.93,524.67,,82630.0
2019-12-26,525.06,530.96,523.68,530.41,,153068.0
2019-12-27,533.02,534.93,529.16,533.14,,231827.0
2019-12-30,531.13,533.08,526.31,531.07,,247132.0
2019-12-31,531.35,534.43,529.35,534.24,,292656.0
2020-01-02,534.43,535.35,527.22,530.26,,448647.0
2020-01-03,526.71,540.34,526.71,535.54,,385180.0
2020-01-06,535.55,538.18,530.63,534.95,,284324.0
2020-01-07,534.95,536.8,526.3,532.58,,252637.0
2020-01-08,533.6,536.49,526.29,534.33,,260997.0
2020-01-09,533.55,540.01,526.65,539.08,,229579.0
2020-01-10,543.05,545.29,537.55,543.67,,307931.0
2020-01-13,544.48,547.81,542.08,544.55,,396290.0
2020-01-14,545.32,546.41,533.54,536.8,,385353.0
2020-01-15,538.69,542.32,535.48,536.57,,394310.0
2020-01-16,537.76,545.86,536.9,544.69,,522099.0
2020-01-17,543.67,546.13,538.08,538.18,,794241.0
2020-01-21,541.39,544.17,534.46,540.01,,678499.0
2020-01-22,544.9,548.41,540.73,541.41,,444116.0
2020-01-23,544.12,552.55,542.35,545.51,,352248.0
2020-01-24,546.75,552.23,540.04,541.8,,328988.0
2020-01-27,539.92,544.55,535.99,543.62,,233163.0
2020-01-28,545.49,553.43,544.94,551.51,,318132.0
2020-01-29,549.21,553.05,546.22,551.61,,243157.0
2020-01-30,551.63,556.58,551.63,551.91,,348426.0
2020-01-31,552.88,553.98,537.59,539.76,,488697.0
2020-02-03,542.35,554.78,540.97,552.45,,445663.0
2020-02-04,556.56,557.83,553.97,556.34,,325945.0
2020-02-05,556.93,557.6,549.16,550.31,,327508.0
2020-02-06,554.89,556.33,544.18,552.57,,215032.0
2020-02-07,553.86,556.07,551.11,554.65,,186876.0
2020-02-10,557.57,561.74,555.63,560.17,,270314.0
2020-02-11,561.15,567.24,559.24,561.58,,345008.0
2020-02-12,564.01,571.66,560.44,570.34,,566387.0
2020-02-13,562.98,582.5,560.13,581.88,,508311.0
2020-02-14,584.94,598.88,583.2,593.69,,438565.0
2020-02-18,589.59,594.91,585.18,589.06,,427944.0
2020-02-19,593.27,595.02,587.05,589.18,,405005.0
2020-02-20,589.43,593.57,585.13,593.45,,353598.0
2020-02-21,596.72,601.33,589.52,600.41,,604905.0
2020-02-24,593.26,598.99,583.66,590.26,,543220.0
2020-02-25,591.04,593.67,576.75,580.86,,677678.0
2020-02-26,583.23,586.24,574.34,578.9,,414557.0
2020-02-27,573.46,579.72,548.95,549.16,,718175.0
2020-02-28,539.09,542.24,517.97,526.47,,1131986.0
2020-03-02,531.14,570.12,530.57,568.82,,757104.0
2020-03-03,571.43,582.76,551.47,565.4,,678769.0
2020-03-04,575.37,594.23,571.62,593.28,,586430.0
2020-03-05,578.14,589.92,561.63,566.79,,578078.0
2020-03-06,551.09,560.65,535.4,559.44,,826253.0
2020-03-09,524.82,553.25,524.02,527.63,,724461.0
2020-03-10,551.47,565.29,524.86,560.92,,706412.0
2020-03-11,543.79,556.05,537.58,550.37,,897893.0
2020-03-12,511.87,546.88,501.98,519.42,,1004231.0
2020-03-13,537.95,573.38,520.9,570.86,,1081099.0
2020-03-16,535.47,538.86,487.13,498.56,,1019308.0
2020-03-17,513.44,549.84,509.85,528.66,,1215502.0
2020-03-18,500.92,537.72,491.21,525.86,,1027899.0
2020-03-19,525.63,542.38,492.23,505.52,,985200.0
2020-03-20,505.29,514.69,453.31,465.55,,1230296.0
2020-03-23,464.19,465.07,439.22,449.58,,882142.0
2020-03-24,468.6,508.23,456.49,501.74,,914339.0
2020-03-25,492.46,545.67,492.07,509.12,,723826.0
2020-03-26,514.27,555.38,506.67,540.06,,754677.0
2020-03-27,527.13,556.07,509.1,546.2,,616178.0
2020-03-30,556.98,596.51,545.97,592.71,,778575.0
2020-03-31,588.24,592.77,561.64,574.05,,1136958.0
2020-04-01,558.99,569.85,533.72,547.3,,714774.0
2020-04-02,546.68,578.16,542.92,575.51,,801510.0
2020-04-03,575.65,584.75,555.52,574.16,,557167.0
2020-04-06,588.03,605.68,579.04,599.47,,698841.0
2020-04-07,624.01,624.69,571.43,573.18,,621299.0
2020-04-08,573.55,614.64,571.28,610.53,,533944.0
2020-04-09,612.95,636.61,612.33,631.38,,904326.0
2020-04-13,626.48,626.48,592.61,604.04,,540961.0
2020-04-14,622.57,639.59,617.47,633.17,,549786.0
2020-04-15,622.94,629.77,611.67,620.89,,361101.0
2020-04-16,605.73,632.35,605.73,627.52,,521668.0
2020-04-17,626.7,640.43,615.17,638.74,,502609.0
2020-04-20,628.68,631.43,611.95,616.5,,519465.0
2020-04-21,605.16,626.0,601.98,617.83,,420730.0
2020-04-22,624.92,642.22,618.75,629.4,,433979.0
2020-04-23,628.35,642.45,625.93,630.05,,382446.0
2020-04-24,630.05,633.78,618.48,629.69,,459833.0
2020-04-27,635.91,649.84,629.82,645.22,,349780.0
2020-04-28,655.89,657.86,627.11,628.46,,374262.0
2020-04-29,630.06,633.09,617.74,624.38,,605777.0
2020-04-30,620.99,631.03,610.08,620.59,,752008.0
2020-05-01,616.12,625.82,611.43,616.59,,346719.0
2020-05-04,610.76,622.24,607.46,621.3,,515176.0
2020-05-05,633.62,636.58,618.12,630.87,,321577.0
2020-05-06,625.38,644.44,625.23,628.85,,388300.0
2020-05-07,608.47,624.22,602.94,620.72,,663168.0
2020-05-08,624.9,631.43,617.05,623.31,,439421.0
2020-05-11,618.08,631.33,616.22,623.16,,558854.0
2020-05-12,614.44,621.6,606.62,609.97,,1527326.0
2020-05-13,609.82,630.82,609.61,623.9,,1571965.0
2020-05-14,624.65,627.0,593.66,605.94,,800530.0
2020-05-15,603.75,608.78,594.28,605.39,,564556.0
2020-05-18,625.69,625.69,606.06,608.81,,586578.0
2020-05-19,611.87,618.31,599.13,599.99,,455645.0
2020-05-20,603.14,605.6,597.2,604.93,,590172.0
2020-05-21,599.87,603.35,590.12,594.7,,512336.0
2020-05-22,593.51,619.63,592.41,618.35,,503026.0
2020-05-26,628.57,632.17,605.95,607.26,,573248.0
2020-05-27,615.15,624.19,596.7,623.44,,555378.0
2020-05-28,629.1,641.22,624.55,639.88,,441232.0
2020-05-29,643.41,646.47,632.51,643.83,,589296.0
2020-06-01,645.9,661.08,643.09,655.4,,447179.0
2020-06-02,662.93,662.93,634.89,642.96,,621670.0
2020-06-03,638.35,642.34,629.95,635.85,,436743.0
2020-06-04,628.35,634.97,609.28,613.88,,508348.0
2020-06-05,611.63,623.03,597.8,621.56,,828400.0
2020-06-08,610.65,624.44,610.65,624.09,,563511.0
2020-06-09,627.45,640.54,623.31,637.91,,525833.0
2020-06-10,641.61,645.9,628.03,641.89,,473397.0
2020-06-11,639.73,639.73,608.91,609.75,,582219.0
2020-06-12,617.12,627.56,612.27,624.46,,539275.0
2020-06-15,617.67,641.97,610.79,640.97,,546907.0
2020-06-16,647.86,655.24,634.41,643.43,,570929.0
2020-06-17,647.94,650.14,640.62,644.17,,392206.0
2020-06-18,642.83,645.44,636.12,642.79,,313047.0
2020-06-19,658.4,658.94,635.46,656.56,,1364389.0
2020-06-22,654.48,656.15,639.29,643.38,,603609.0
2020-06-23,646.02,650.63,635.49,641.11,,594927.0
2020-06-24,636.79,640.99,626.11,636.45,,522255.0
2020-06-25,631.73,644.35,630.92,643.1,,487640.0
2020-06-26,643.38,644.18,630.27,633.59,,563520.0
2020-06-29,639.37,639.56,631.32,635.79,,319350.0
2020-06-30,644.63,650.57,637.24,648.14,,469994.0
2020-07-01,648.82,674.2,647.12,672.01,,581858.0
2020-07-02,676.29,679.23,661.67,663.01,,433251.0
2020-07-06,667.59,672.35,658.44,666.94,,421312.0
2020-07-07,663.04,674.42,660.77,665.46,,315969.0
2020-07-08,669.61,674.31,659.5,664.8,,333589.0
2020-07-09,666.12,676.5,659.96,672.49,,239169.0
2020-07-10,678.3,678.3,658.56,661.33,,339628.0
2020-07-13,664.69,667.93,644.19,647.05,,439252.0
2020-07-14,661.54,663.54,643.51,661.62,,333082.0
2020-07-15,668.32,668.88,656.12,658.82,,367562.0
2020-07-16,661.15,662.62,652.6,659.02,,228037.0
2020-07-17,661.98,674.52,654.39,668.38,,338947.0
2020-07-20,670.04,678.06,665.93,675.4,,296272.0
2020-07-21,678.78,678.78,668.59,669.99,,274850.0
2020-07-22,673.47,680.87,669.09,678.8,,279411.0
2020-07-23,681.68,687.05,672.11,679.88,,336549.0
2020-07-24,673.53,682.48,673.3,680.52,,252906.0
2020-07-27,680.81,697.78,678.34,695.85,,399387.0
2020-07-28,703.59,703.59,690.77,694.49,,401481.0
2020-07-29,701.48,711.43,697.84,710.62,,379504.0
2020-07-30,719.85,726.95,710.62,717.95,,461519.0
2020-07-31,714.47,725.2,711.43,724.9,,334613.0
2020-08-03,716.74,724.89,715.4,719.03,,386533.0
2020-08-04,723.04,733.43,715.26,732.24,,382885.0
2020-08-05,737.38,737.38,725.6,732.8,,250074.0
2020-08-06,726.92,732.56,725.82,730.98,,254279.0
2020-08-07,730.63,736.9,727.63,730.64,,224852.0
2020-08-10,736.41,743.67,719.87,722.37,,307744.0
2020-08-11,721.19,721.19,696.7,699.7,,505911.0
2020-08-12,705.71,716.35,698.27,713.38,,315306.0
2020-08-13,709.99,718.16,708.72,710.73,,284529.0
2020-08-14,711.72,716.46,699.64,703.24,,361648.0
2020-08-17,699.87,713.39,699.87,712.54,,389304.0
2020-08-18,714.87,731.52,713.45,728.62,,453645.0
2020-08-19,735.83,735.83,716.94,721.08,,333960.0
2020-08-20,719.15,729.77,719.15,726.83,,312112.0
2020-08-21,729.42,729.42,717.3,724.29,,504593.0
2020-08-24,726.91,726.91,706.66,715.31,,371392.0
2020-08-25,718.87,724.19,714.39,722.01,,186231.0
2020-08-26,723.73,724.59,713.38,724.13,,313520.0
2020-08-27,728.79,736.63,725.06,731.21,,302774.0
2020-08-28,729.95,729.95,720.55,728.78,,286940.0
2020-08-31,729.69,737.45,729.25,731.34,,580459.0
2020-09-01,731.69,734.32,716.3,731.35,,306360.0
2020-09-02,728.76,742.63,719.17,740.44,,535831.0
2020-09-03,731.2,734.72,698.86,706.03,,449829.0
2020-09-04,705.66,710.61,683.26,696.52,,399875.0
2020-09-08,688.57,697.68,683.46,686.21,,362634.0
2020-09-09,693.57,704.57,691.29,697.67,,320517.0
2020-09-10,696.56,698.03,687.09,687.9,,274829.0
2020-09-11,691.82,695.2,683.36,692.45,,222027.0
2020-09-14,696.06,704.85,691.72,700.09,,278358.0
2020-09-15,702.9,716.08,702.9,711.58,,217987.0
2020-09-16,721.18,725.42,709.81,710.56,,264624.0
2020-09-17,707.0,709.8,689.61,699.73,,294540.0
2020-09-18,698.89,701.76,691.42,696.42,,421267.0
2020-09-21,694.5,695.72,675.99,690.38,,349960.0
2020-09-22,687.63,700.36,687.63,694.5,,327215.0
2020-09-23,675.41,698.31,675.41,676.6,,317931.0
2020-09-24,679.93,689.71,676.62,679.43,,346919.0
2020-09-25,678.41,696.05,677.78,695.72,,251112.0
2020-09-28,710.21,714.34,704.21,708.21,,333082.0
2020-09-29,708.21,711.72,704.15,706.96,,290466.0
2020-09-30,710.77,713.17,696.98,703.88,,442158.0
2020-10-01,707.7,714.51,700.07,711.49,,378178.0
2020-10-02,707.81,722.1,704.07,720.43,,446659.0
2020-10-05,720.23,729.94,706.36,729.93,,301118.0
2020-10-06,729.15,737.97,717.65,732.31,,394678.0
2020-10-07,732.3,746.14,731.18,743.82,,347192.0
2020-10-08,743.61,773.76,738.48,763.39,,613196.0
2020-10-09,772.54,772.54,764.46,767.98,,356691.0
2020-10-12,771.25,777.63,762.97,773.21,,301533.0
2020-10-13,776.23,776.23,761.2,764.98,,305459.0
2020-10-14,762.92,766.83,752.48,756.91,,472890.0
2020-10-15,753.77,761.17,751.42,754.53,,255159.0
2020-10-16,755.86,765.61,751.99,757.18,,324856.0
2020-10-19,759.45,761.88,748.53,750.06,,283995.0
2020-10-20,750.78,753.16,740.8,745.37,,300067.0
2020-10-21,743.37,747.22,738.5,743.73,,307563.0
2020-10-22,746.47,749.53,718.89,720.01,,420050.0
2020-10-23,720.43,723.29,712.57,719.53,,378130.0
2020-10-26,719.5,719.5,706.07,713.46,,293258.0
2020-10-27,721.17,721.17,710.34,716.08,,308577.0
2020-10-28,706.71,714.57,699.14,700.12,,487595.0
2020-10-29,710.93,710.93,683.2,685.87,,574099.0
2020-10-30,677.33,684.97,666.59,677.13,,413390.0
2020-11-02,685.47,692.65,675.83,683.68,,426500.0
2020-11-03,687.65,699.43,683.73,696.61,,313760.0
2020-11-04,703.16,728.76,702.57,719.77,,363786.0
2020-11-05,731.54,736.48,722.05,723.25,,335235.0
2020-11-06,732.21,738.27,723.44,735.6,,471478.0
2020-11-09,741.18,748.23,685.74,688.21,,852359.0
2020-11-10,688.14,688.82,663.04,672.99,,770194.0
2020-11-11,679.42,709.36,676.91,704.55,,554783.0
2020-11-12,710.35,710.44,698.51,704.05,,390296.0
2020-11-13,708.02,709.59,699.42,704.51,,314339.0
2020-11-16,706.14,707.91,681.72,699.21,,404951.0
2020-11-17,697.53,701.6,691.22,698.05,,512235.0
2020-11-18,695.0,704.49,681.5,682.39,,658477.0
2020-11-19,685.56,685.56,676.28,678.92,,444534.0
2020-11-20,681.13,689.82,674.24,676.63,,538347.0
2020-11-23,675.77,681.16,659.21,661.14,,518851.0
2020-11-24,664.39,665.22,641.26,643.41,,1209912.0
2020-11-25,649.56,655.46,638.2,644.49,,880685.0
2020-11-27,651.46,655.79,642.71,650.98,,469679.0
2020-11-30,651.98,656.75,646.26,648.44,,1021745.0
2020-12-01,656.62,664.3,650.52,662.18,,720905.0
2020-12-02,659.79,662.51,639.47,641.78,,552169.0
2020-12-03,652.1,652.1,640.99,643.66,,669140.0
2020-12-04,643.9,662.54,641.66,658.24,,632860.0
2020-12-07,664.4,667.0,645.27,648.22,,681987.0
2020-12-08,655.14,656.45,643.18,646.11,,454180.0
2020-12-09,653.2,654.11,628.04,630.42,,596922.0
2020-12-10,628.22,640.5,628.22,638.4,,419746.0
2020-12-11,636.98,640.92,624.38,640.14,,454971.0
2020-12-14,640.25,650.26,638.42,641.23,,453967.0
2020-12-15,647.26,648.91,638.83,646.44,,423123.0
2020-12-16,650.02,652.84,638.35,641.38,,379063.0
2020-12-17,647.12,666.97,646.61,662.33,,565483.0
2020-12-18,663.32,663.32,654.33,659.54,,861995.0
2020-12-21,651.73,656.43,647.78,654.58,,516269.0
2020-12-22,650.49,663.59,648.71,662.98,,371434.0
2020-12-23,664.36,668.37,653.36,653.36,,342359.0
2020-12-24,657.87,661.12,652.92,656.01,,97343.0
2020-12-28,657.79,660.48,653.58,659.68,,260560.0
2020-12-29,664.43,665.58,655.61,658.65,,230883.0
2020-12-30,661.26,665.06,648.88,650.87,,348317.0
2020-12-31,651.87,664.36,647.97,663.67,,293468.0
2021-01-04,667.54,668.37,642.72,643.58,,567059.0
2021-01-05,648.64,649.44,641.42,642.63,,473578.0
2021-01-06,636.56,637.98,616.9,621.65,,568570.0
2021-01-07,625.61,635.86,622.91,630.95,,698031.0
2021-01-08,637.77,649.24,635.4,643.49,,624205.0
2021-01-11,647.7,650.45,632.65,634.13,,502930.0
2021-01-12,633.14,633.54,613.99,628.68,,411699.0
2021-01-13,633.26,642.67,630.77,641.31,,455329.0
2021-01-14,640.32,643.88,636.51,640.9,,530075.0
2021-01-15,642.08,659.66,641.88,657.71,,549921.0
2021-01-19,666.13,671.86,661.31,665.66,,558500.0
2021-01-20,667.44,682.58,664.43,676.27,,456152.0
2021-01-21,675.79,677.51,666.07,668.99,,318331.0
2021-01-22,669.25,677.38,669.25,670.16,,484885.0
2021-01-25,676.94,677.31,668.48,672.02,,315721.0
2021-01-26,670.27,683.95,668.66,683.24,,369988.0
2021-01-27,685.18,685.18,678.37,679.95,,492714.0
2021-01-28,677.44,694.57,672.9,686.02,,450101.0
2021-01-29,681.6,692.77,674.99,687.63,,488033.0
2021-02-01,685.77,705.84,679.77,703.2,,343815.0
2021-02-02,706.33,715.87,704.65,714.22,,575843.0
2021-02-03,710.06,711.83,693.13,701.5,,320121.0
2021-02-04,706.27,706.27,689.53,694.09,,421096.0
2021-02-05,696.14,702.8,688.55,700.95,,378242.0
2021-02-08,697.91,701.19,686.88,694.55,,371718.0
2021-02-09,698.29,701.85,690.07,697.4,,299741.0
2021-02-10,703.41,704.88,695.31,697.89,,465272.0
2021-02-11,696.26,704.97,660.81,666.94,,798707.0
2021-02-12,660.93,672.96,650.52,659.61,,638741.0
2021-02-16,672.46,672.8,636.06,639.43,,617255.0
2021-02-17,637.7,650.79,636.23,645.32,,522436.0
2021-02-18,643.92,643.92,634.34,637.08,,964850.0
2021-02-19,645.6,650.84,626.57,632.11,,727294.0
2021-02-22,629.76,629.76,615.32,620.14,,809845.0
2021-02-23,618.86,622.8,610.59,614.89,,871564.0
2021-02-24,614.87,616.71,595.02,596.4,,1076275.0
2021-02-25,594.53,601.44,582.42,595.81,,1366176.0
2021-02-26,600.9,616.23,597.33,605.11,,965020.0
2021-03-01,606.03,614.77,599.19,605.04,,935062.0
2021-03-02,603.53,606.04,587.45,597.38,,820474.0
2021-03-03,588.69,595.62,568.64,570.58,,631686.0
2021-03-04,574.71,585.36,562.09,563.33,,942646.0
2021-03-05,565.92,575.38,547.61,569.85,,864315.0
2021-03-08,564.71,574.63,554.42,555.25,,1029982.0
2021-03-09,571.1,587.82,566.44,581.19,,765859.0
2021-03-10,592.3,602.57,584.28,596.12,,1029663.0
2021-03-11,598.24,617.11,598.24,610.95,,731633.0
2021-03-12,601.52,624.77,599.96,623.46,,718136.0
2021-03-15,618.1,630.47,618.1,624.91,,587405.0
2021-03-16,628.47,636.6,624.46,626.57,,288990.0
2021-03-17,621.95,623.84,609.78,612.68,,470106.0
2021-03-18,605.45,609.83,596.55,603.7,,573789.0
2021-03-19,606.74,618.67,603.68,609.52,,668855.0
2021-03-22,606.41,624.98,606.41,622.24,,479714.0
2021-03-23,629.16,638.25,616.56,630.71,,436892.0
2021-03-24,626.23,630.7,614.25,618.18,,529152.0
2021-03-25,622.99,625.52,611.67,623.57,,386513.0
2021-03-26,620.01,638.44,616.44,638.05,,400964.0
2021-03-29,639.32,645.13,629.06,641.98,,451614.0
2021-03-30,634.85,641.87,628.37,629.85,,300767.0
2021-03-31,631.23,640.88,620.66,634.28,,413413.0
2021-04-01,639.98,640.32,628.42,632.8,,735349.0
2021-04-05,640.45,644.65,636.88,644.22,,407680.0
2021-04-06,641.41,645.68,636.87,642.79,,447454.0
2021-04-07,642.95,643.38,635.29,638.82,,365130.0
2021-04-08,647.72,652.56,639.7,641.84,,362465.0
2021-04-09,640.25,645.57,637.5,641.62,,319914.0
2021-04-12,642.24,646.37,633.76,645.33,,355140.0
2021-04-13,648.19,660.32,646.48,658.71,,380300.0
2021-04-14,659.91,661.62,646.51,648.02,,353846.0
2021-04-15,651.69,672.35,650.9,670.92,,422841.0
2021-04-16,672.88,672.88,660.52,660.93,,383441.0
2021-04-19,661.73,671.65,658.98,669.47,,263961.0
2021-04-20,666.68,680.38,666.55,677.8,,310269.0
2021-04-21,679.73,686.71,675.86,677.72,,422588.0
2021-04-22,663.14,676.41,662.67,670.1,,336633.0
2021-04-23,669.16,674.73,667.46,670.23,,366118.0
2021-04-26,671.57,671.99,662.66,669.17,,265969.0
2021-04-27,675.54,675.54,662.89,666.28,,271546.0
2021-04-28,667.34,667.79,657.01,660.22,,404012.0
2021-04-29,674.25,674.25,648.68,659.0,,503408.0
2021-04-30,657.02,677.08,656.87,672.7,,669770.0
2021-05-03,672.72,672.91,661.53,663.64,,469596.0
2021-05-04,664.43,670.63,658.35,662.69,,676798.0
2021-05-05,656.73,662.66,644.77,646.79,,472891.0
2021-05-06,647.38,655.67,644.55,652.47,,355129.0
2021-05-07,650.36,666.67,650.36,665.88,,379162.0
2021-05-10,667.78,675.53,660.95,671.99,,522814.0
2021-05-11,669.11,670.93,657.97,670.17,,376079.0
2021-05-12,663.08,665.11,657.28,658.33,,518867.0
2021-05-13,659.61,672.58,654.29,667.73,,383677.0
2021-05-14,671.82,679.43,666.8,673.88,,322651.0
2021-05-17,667.29,673.79,663.96,667.36,,415379.0
2021-05-18,669.13,674.96,660.54,670.31,,249682.0
2021-05-19,665.56,674.66,662.91,670.34,,286007.0
2021-05-20,670.16,687.73,669.83,682.3,,434896.0
2021-05-21,676.57,685.62,676.04,679.58,,621797.0
2021-05-24,678.44,687.33,674.43,677.78,,640244.0
2021-05-25,680.92,690.7,673.28,688.99,,325200.0
2021-05-26,693.45,696.15,686.94,689.11,,425191.0
2021-05-27,688.33,690.22,681.73,688.83,,395503.0
2021-05-28,694.87,698.92,689.58,690.36,,314735.0
2021-06-01,692.99,694.27,686.91,692.89,,419801.0
2021-06-02,697.11,712.04,694.91,710.42,,561759.0
2021-06-03,702.91,730.11,702.91,728.14,,723115.0
2021-06-04,730.37,739.06,727.42,735.97,,573223.0
2021-06-07,741.44,756.89,737.8,745.03,,778471.0
2021-06-08,749.65,766.83,749.65,765.27,,622573.0
2021-06-09,763.68,767.97,757.33,759.04,,532688.0
2021-06-10,757.3,776.54,756.05,771.2,,542401.0
2021-06-11,761.81,768.91,761.52,764.69,,590109.0
2021-06-14,763.5,773.65,760.47,772.14,,490783.0
2021-06-15,768.17,774.28,756.24,758.09,,526464.0
2021-06-16,761.84,768.09,755.98,759.0,,635243.0
2021-06-17,759.0,765.42,755.19,764.14,,661387.0
2021-06-18,764.18,777.4,749.51,770.99,,3751584.0
2021-06-21,767.15,774.78,752.14,770.74,,1036829.0
2021-06-22,771.82,773.07,760.5,770.81,,573808.0
2021-06-23,769.92,772.82,742.19,752.99,,909430.0
2021-06-24,753.41,758.68,724.31,730.28,,1107324.0
2021-06-25,731.09,736.32,725.59,734.1,,1128519.0
2021-06-28,739.67,748.63,733.75,748.27,,675140.0
2021-06-29,742.18,753.49,739.71,751.84,,493372.0
2021-06-30,757.43,758.89,748.34,752.09,,717052.0
2021-07-01,750.18,757.72,745.16,747.45,,506093.0
2021-07-02,750.26,753.69,745.92,750.13,,379912.0
2021-07-06,750.95,768.26,749.65,767.56,,458329.0
2021-07-07,771.0,779.38,765.79,775.72,,525781.0
2021-07-08,773.08,780.5,768.99,776.07,,402432.0
2021-07-09,775.79,781.52,761.82,768.7,,480885.0
2021-07-12,771.26,781.46,764.36,777.35,,600739.0
2021-07-13,774.3,783.12,769.86,771.25,,398218.0
2021-07-14,770.57,782.24,767.36,779.49,,412367.0
2021-07-15,780.25,783.12,772.76,781.55,,310153.0
2021-07-16,781.67,792.41,777.1,779.15,,541619.0
2021-07-19,776.23,786.07,772.3,781.8,,477842.0
2021-07-20,785.73,787.14,776.06,780.25,,409363.0
2021-07-21,777.33,777.33,761.69,768.17,,582379.0
2021-07-22,771.42,774.76,766.12,769.17,,377743.0
2021-07-23,768.97,782.89,764.61,781.03,,348600.0
2021-07-26,779.63,782.47,772.01,777.31,,393868.0
2021-07-27,775.58,789.51,773.45,788.85,,392357.0
2021-07-28,783.63,788.63,779.94,783.68,,390614.0
2021-07-29,773.48,783.63,734.94,736.89,,883636.0
2021-07-30,741.19,777.53,741.19,768.78,,676360.0
2021-08-02,768.4,774.08,762.23,767.45,,505711.0
2021-08-03,771.11,781.52,764.79,768.69,,478888.0
2021-08-04,770.23,780.44,767.31,776.21,,331534.0
2021-08-05,779.72,781.42,770.76,778.35,,334826.0
2021-08-06,773.43,776.87,767.09,768.54,,525231.0
2021-08-09,772.17,772.17,763.05,763.7,,422076.0
2021-08-10,766.69,766.69,747.45,747.75,,487866.0
2021-08-11,752.72,758.93,747.47,756.1,,596235.0
2021-08-12,758.76,765.61,754.54,760.64,,454254.0
2021-08-13,762.45,765.66,754.53,762.86,,315085.0
2021-08-16,762.84,772.41,762.84,771.15,,300655.0
2021-08-17,771.06,779.6,767.36,778.41,,295352.0
2021-08-18,775.27,776.72,763.48,765.67,,269434.0
2021-08-19,765.67,787.99,762.81,784.19,,451776.0
2021-08-20,783.41,793.16,780.27,785.76,,339175.0
2021-08-23,785.17,789.87,780.63,785.7,,392255.0
2021-08-24,787.99,787.99,770.4,771.29,,349845.0
2021-08-25,770.21,772.45,753.38,759.34,,317226.0
2021-08-26,759.34,780.63,759.34,775.75,,516007.0
2021-08-27,778.49,780.71,770.12,775.58,,384310.0
2021-08-30,776.23,792.49,775.43,789.9,,322552.0
2021-08-31,789.87,797.84,784.07,793.11,,508050.0
2021-09-01,787.92,817.97,787.92,816.99,,477504.0
2021-09-02,814.36,823.52,801.26,822.24,,616737.0
2021-09-03,815.06,832.43,814.32,830.14,,516490.0
2021-09-07,813.85,831.46,808.26,829.14,,447695.0
2021-09-08,828.16,830.53,821.92,829.65,,331841.0
2021-09-09,825.43,825.69,801.55,803.56,,533007.0
2021-09-10,795.2,800.11,783.2,793.63,,475187.0
2021-09-13,799.27,802.03,783.72,789.44,,435933.0
2021-09-14,796.45,801.69,783.09,785.06,,609063.0
2021-09-15,793.44,799.41,783.36,793.1,,466730.0
2021-09-16,791.36,804.36,788.17,802.33,,514418.0
2021-09-17,798.1,821.62,793.7,820.5,,3852544.0
2021-09-20,810.38,819.24,790.79,799.49,,856830.0
2021-09-21,799.27,810.08,797.52,797.58,,392299.0
2021-09-22,799.97,812.76,792.43,808.79,,557922.0
2021-09-23,809.72,816.97,784.27,797.4,,637238.0
2021-09-24,795.99,797.24,779.07,784.87,,472804.0
2021-09-27,778.29,779.43,758.92,759.34,,489346.0
2021-09-28,752.26,755.01,739.93,751.26,,517288.0
2021-09-29,754.84,762.37,752.65,753.74,,376400.0
2021-09-30,760.13,763.61,741.98,742.97,,522055.0
2021-10-01,745.67,748.85,733.86,742.21,,515139.0
2021-10-04,743.61,748.25,733.05,738.72,,405582.0
2021-10-05,727.81,730.42,710.55,714.71,,675395.0
2021-10-06,716.52,720.55,703.25,716.82,,725912.0
2021-10-07,720.02,728.65,715.46,720.75,,535497.0
2021-10-08,717.16,719.47,703.38,706.14,,468809.0
2021-10-11,709.16,709.96,700.34,705.25,,320760.0
2021-10-12,704.05,715.04,701.69,714.11,,352007.0
2021-10-13,710.64,722.06,710.64,717.89,,386578.0
2021-10-14,723.42,729.92,720.46,723.72,,353487.0
2021-10-15,726.14,737.67,722.24,734.76,,544206.0
2021-10-18,729.16,735.32,721.12,721.95,,474990.0
2021-10-19,728.77,733.45,723.22,733.14,,549677.0
2021-10-20,733.14,748.31,733.14,746.46,,457720.0
2021-10-21,751.17,766.5,745.43,761.81,,420989.0
2021-10-22,767.08,775.33,763.33,772.02,,308843.0
2021-10-25,771.35,780.0,766.69,773.68,,312061.0
2021-10-26,776.8,784.76,775.04,782.2,,279524.0
2021-10-27,793.22,798.81,775.21,775.59,,305298.0
2021-10-28,775.59,797.24,775.59,796.73,,331355.0
2021-10-29,791.76,798.43,783.69,787.11,,512350.0
2021-11-01,786.77,786.77,772.13,780.9,,358836.0
2021-11-02,783.47,795.43,779.64,786.96,,279226.0
2021-11-03,793.16,796.45,778.71,787.87,,212581.0
2021-11-04,759.78,761.16,737.97,755.63,,636206.0
2021-11-05,760.0,761.61,733.67,735.25,,547681.0
2021-11-08,736.27,745.5,724.05,739.94,,424104.0
2021-11-09,743.57,756.54,741.11,750.18,,298168.0
2021-11-10,748.61,754.13,733.04,734.78,,431392.0
2021-11-11,740.92,741.29,724.63,728.44,,410038.0
2021-11-12,735.15,735.16,728.0,729.11,,574963.0
2021-11-15,729.45,752.26,729.11,750.22,,739553.0
2021-11-16,753.34,756.86,750.04,750.35,,427397.0
2021-11-17,754.85,758.45,750.9,753.08,,594703.0
2021-11-18,754.96,754.96,746.68,748.21,,330949.0
2021-11-19,754.97,755.69,743.12,744.15,,656269.0
2021-11-22,743.15,744.23,730.97,733.46,,531001.0
2021-11-23,734.18,738.11,727.63,735.49,,725132.0
2021-11-24,738.13,753.26,727.68,752.7,,325575.0
2021-11-26,751.78,767.98,745.1,749.16,,325301.0
2021-11-29,751.98,775.86,746.1,773.85,,589052.0
2021-11-30,771.29,786.47,765.17,766.48,,1068923.0
2021-12-01,769.62,776.68,757.31,758.23,,834043.0
2021-12-02,758.35,759.88,747.12,753.66,,457711.0
2021-12-03,761.6,762.16,739.51,749.34,,393242.0
2021-12-06,750.75,754.84,744.8,751.64,,299285.0
2021-12-07,758.59,772.83,755.53,767.11,,316528.0
2021-12-08,765.28,769.71,757.25,768.62,,321865.0
2021-12-09,768.5,768.5,748.2,753.84,,247388.0
2021-12-10,756.07,757.05,749.06,752.98,,305525.0
2021-12-13,749.11,774.7,749.11,770.23,,408082.0
2021-12-14,769.13,769.13,745.84,760.47,,527306.0
2021-12-15,765.61,775.23,762.09,771.1,,462593.0
2021-12-16,774.1,782.99,772.38,776.58,,385089.0
2021-12-17,765.95,784.11,765.95,775.98,,713706.0
2021-12-20,771.21,780.28,766.31,776.06,,450897.0
2021-12-21,779.96,781.75,754.25,759.29,,506484.0
2021-12-22,764.56,773.3,760.53,772.65,,333243.0
2021-12-23,773.85,775.56,768.09,772.68,,433162.0
2021-12-27,776.8,788.11,772.35,788.1,,296893.0
2021-12-28,788.1,794.79,783.18,790.84,,242898.0
2021-12-29,792.73,796.4,786.42,794.61,,248688.0
2021-12-30,795.39,799.42,786.64,797.9,,239234.0
2021-12-31,799.39,805.38,795.93,798.23,,274444.0
2022-01-03,798.08,799.99,773.59,789.05,,351849.0
2022-01-04,786.02,791.82,765.34,768.78,,398965.0
2022-01-05,767.12,768.58,743.33,744.68,,394781.0
2022-01-06,737.56,740.3,718.56,731.45,,366730.0
2022-01-07,716.94,739.86,716.94,731.32,,355669.0
2022-01-10,714.18,721.53,701.75,721.31,,415335.0
2022-01-11,716.99,724.44,707.32,723.72,,321587.0
2022-01-12,720.86,733.53,719.14,721.43,,343333.0
2022-01-13,724.56,724.68,704.43,706.01,,424802.0
2022-01-14,703.15,707.22,688.96,704.73,,510832.0
2022-01-18,692.03,703.77,685.81,701.12,,460752.0
2022-01-19,700.99,709.81,688.52,689.37,,471350.0
2022-01-20,691.7,704.75,687.88,689.39,,425309.0
2022-01-21,694.21,699.99,680.35,680.96,,374596.0
2022-01-24,680.29,690.5,661.52,689.7,,620535.0
2022-01-25,687.17,689.38,674.76,679.16,,477789.0
2022-01-26,679.57,686.71,653.53,656.66,,559686.0
2022-01-27,661.01,665.48,642.2,644.58,,487710.0
2022-01-28,647.42,667.9,635.27,667.73,,619343.0
2022-01-31,672.53,684.82,669.05,684.1,,679022.0
2022-02-01,685.84,687.01,667.8,675.03,,508885.0
2022-02-02,678.04,682.43,674.22,676.22,,393695.0
2022-02-03,670.58,678.56,664.49,672.78,,438742.0
2022-02-04,665.32,673.74,661.35,662.63,,400462.0
2022-02-07,662.57,668.15,656.48,658.85,,400331.0
2022-02-08,654.03,664.46,650.78,651.65,,750381.0
2022-02-09,664.03,679.06,664.03,678.16,,596717.0
2022-02-10,665.47,673.44,647.3,649.01,,415737.0
2022-02-11,650.39,656.6,631.26,633.72,,484102.0
2022-02-14,629.35,636.04,625.16,631.7,,539353.0
2022-02-15,637.51,642.37,632.57,635.48,,443862.0
2022-02-16,639.5,639.5,628.74,635.67,,451429.0
2022-02-17,673.0,679.43,650.63,652.68,,767110.0
2022-02-18,652.28,662.98,649.48,653.94,,536448.0
2022-02-22,640.78,652.86,637.95,642.45,,531967.0
2022-02-23,643.43,654.17,634.48,636.19,,415759.0
2022-02-24,630.4,669.27,624.98,665.78,,832288.0
2022-02-25,660.6,678.14,652.92,675.45,,565804.0
2022-02-28,667.84,671.0,659.28,669.78,,583099.0
2022-03-01,671.41,676.7,664.06,670.79,,506295.0
2022-03-02,665.73,671.92,659.69,669.53,,530518.0
2022-03-03,670.3,684.47,669.11,680.25,,406903.0
2022-03-04,680.23,687.58,676.1,683.27,,463784.0
2022-03-07,680.44,682.93,665.31,666.35,,460643.0
2022-03-08,667.02,667.02,645.5,645.83,,702959.0
2022-03-09,662.92,676.49,652.18,667.42,,465319.0
2022-03-10,653.78,671.27,651.12,669.58,,464871.0
2022-03-11,673.7,673.96,657.31,657.33,,359857.0
2022-03-14,662.25,665.56,641.06,647.9,,355126.0
2022-03-15,656.92,667.23,645.75,664.99,,330861.0
2022-03-16,670.3,674.07,654.36,667.29,,434326.0
2022-03-17,668.91,682.73,668.91,682.26,,312185.0
2022-03-18,687.02,696.46,682.26,694.02,,710835.0
2022-03-21,690.12,697.08,676.33,680.26,,298779.0
2022-03-22,682.03,683.72,677.47,681.54,,332545.0
2022-03-23,678.47,680.72,665.31,670.85,,264816.0
2022-03-24,671.89,674.8,665.84,674.46,,273583.0
2022-03-25,679.67,680.25,663.96,673.05,,361428.0
2022-03-28,672.81,695.32,669.78,692.75,,515490.0
2022-03-29,691.87,725.11,691.87,721.61,,663192.0
2022-03-30,719.36,723.16,707.61,714.44,,331054.0
2022-03-31,718.47,723.92,702.15,702.89,,556536.0
2022-04-01,702.99,723.75,700.08,723.15,,356971.0
2022-04-04,721.88,729.03,720.84,724.53,,347454.0
2022-04-05,718.94,735.41,718.03,722.58,,310421.0
2022-04-06,718.84,727.58,712.45,726.53,,371662.0
2022-04-07,724.8,726.91,714.66,719.58,,273229.0
2022-04-08,720.52,729.2,716.27,728.63,,367745.0
2022-04-11,727.89,733.58,710.0,712.35,,267438.0
2022-04-12,710.35,712.67,699.28,702.91,,275863.0
2022-04-13,703.79,713.52,702.62,712.66,,262993.0
2022-04-14,713.69,713.69,695.84,696.84,,274379.0
2022-04-18,700.23,700.23,688.33,692.5,,264483.0
2022-04-19,692.5,717.26,692.5,714.83,,463998.0
2022-04-20,718.41,732.44,714.92,728.05,,458633.0
2022-04-21,726.51,735.8,717.27,718.06,,350834.0
2022-04-22,718.09,719.49,705.77,706.48,,312662.0
2022-04-25,710.62,715.96,699.68,713.22,,566869.0
2022-04-26,710.83,718.0,699.82,700.67,,434022.0
2022-04-27,694.72,705.19,679.35,680.41,,488806.0
2022-04-28,707.43,720.64,693.96,716.94,,575602.0
2022-04-29,713.24,718.94,679.62,681.52,,649005.0
2022-05-02,683.96,683.96,650.67,665.71,,488815.0
2022-05-03,670.61,688.85,666.55,683.65,,419025.0
2022-05-04,683.72,695.8,672.13,693.9,,352187.0
2022-05-05,697.27,697.27,671.1,676.13,,470948.0
2022-05-06,671.11,678.42,662.3,676.18,,295144.0
2022-05-09,672.43,672.43,617.69,620.02,,664466.0
2022-05-10,628.83,633.87,590.58,597.14,,687755.0
2022-05-11,598.63,612.02,589.09,591.57,,741693.0
2022-05-12,591.32,598.57,588.89,596.98,,711179.0
2022-05-13,608.87,628.18,601.99,625.34,,690850.0
2022-05-16,624.11,625.83,612.45,612.66,,405612.0
2022-05-17,620.82,620.82,607.14,615.97,,364006.0
2022-05-18,613.38,614.75,603.17,607.04,,461403.0
2022-05-19,602.4,617.33,602.4,604.81,,448590.0
2022-05-20,614.43,622.18,609.38,620.71,,587775.0
2022-05-23,626.99,632.09,618.46,631.89,,475222.0
2022-05-24,630.51,642.8,620.82,639.77,,479822.0
2022-05-25,641.12,656.5,640.23,653.79,,582146.0
2022-05-26,653.34,660.28,637.5,638.05,,566704.0
2022-05-27,641.83,660.61,641.24,660.6,,613183.0
2022-05-31,656.35,659.44,644.66,654.33,,633572.0
2022-06-01,656.97,656.97,644.21,646.62,,369829.0
2022-06-02,642.11,661.63,633.61,661.52,,369897.0
2022-06-03,656.1,656.1,644.72,646.09,,402719.0
2022-06-06,655.05,659.81,647.64,659.34,,527393.0
2022-06-07,655.51,660.45,639.24,658.57,,549061.0
2022-06-08,653.74,655.62,632.89,636.77,,612059.0
2022-06-09,634.69,646.14,626.81,627.02,,411320.0
2022-06-10,618.46,624.81,607.05,618.21,,614584.0
2022-06-13,607.23,610.75,585.27,586.89,,710375.0
2022-06-14,590.44,597.48,577.22,589.02,,561158.0
2022-06-15,597.52,618.67,594.08,610.67,,507263.0
2022-06-16,596.81,602.97,585.81,588.94,,594600.0
2022-06-17,593.06,609.08,592.04,602.63,,2385730.0
2022-06-21,599.76,615.8,599.38,609.65,,512785.0
2022-06-22,605.57,635.1,605.57,626.58,,444926.0
2022-06-23,630.42,647.6,629.7,645.12,,471728.0
2022-06-24,647.27,656.67,644.64,656.31,,603660.0
2022-06-27,652.4,658.68,646.88,652.88,,312972.0
2022-06-28,655.13,657.53,635.8,637.19,,295406.0
2022-06-29,616.1,625.75,583.59,618.53,,1134885.0
2022-06-30,625.85,633.62,614.37,625.69,,798234.0
2022-07-01,623.64,641.91,623.64,640.94,,337341.0
2022-07-05,633.37,638.5,616.04,635.35,,511987.0
2022-07-06,636.36,642.48,629.1,630.94,,547448.0
2022-07-07,637.1,642.55,626.22,629.23,,419729.0
2022-07-08,624.9,629.84,615.69,619.5,,317128.0
2022-07-11,619.0,622.57,608.03,616.44,,235032.0
2022-07-12,613.23,617.67,593.73,598.29,,415864.0
2022-07-13,591.79,603.5,586.97,596.04,,392709.0
2022-07-14,589.2,592.78,581.27,582.75,,362890.0
2022-07-15,591.13,598.29,585.17,590.2,,442691.0
2022-07-18,595.47,596.54,583.68,585.64,,361887.0
2022-07-19,594.53,607.31,590.8,606.99,,381768.0
2022-07-20,608.92,617.79,603.78,606.99,,332832.0
2022-07-21,613.4,619.39,606.62,619.19,,354407.0
2022-07-22,624.51,633.06,618.19,622.6,,282964.0
2022-07-25,619.22,625.84,614.65,618.51,,288580.0
2022-07-26,616.82,619.5,605.77,611.1,,338498.0
2022-07-27,616.1,622.31,611.36,621.11,,385355.0
2022-07-28,646.62,678.22,642.95,677.39,,1162368.0
2022-07-29,671.12,681.37,665.47,670.18,,524743.0
2022-08-01,669.54,669.54,656.7,661.32,,359186.0
2022-08-02,659.47,665.89,650.36,655.87,,400586.0
2022-08-03,656.86,666.72,656.86,662.96,,408364.0
2022-08-04,666.62,666.62,655.24,663.76,,333044.0
2022-08-05,655.95,665.07,653.32,664.25,,295693.0
2022-08-08,672.39,678.04,662.09,663.78,,418524.0
2022-08-09,665.64,666.64,660.69,664.48,,405533.0
2022-08-10,670.97,677.1,665.78,675.63,,446265.0
2022-08-11,670.57,673.5,653.54,656.44,,354161.0
2022-08-12,662.16,671.1,657.19,670.96,,316944.0
2022-08-15,670.47,683.8,669.89,680.7,,332165.0
2022-08-16,674.46,685.42,671.44,681.04,,306004.0
2022-08-17,669.34,681.96,669.34,676.12,,226012.0
2022-08-18,679.39,682.54,664.95,670.88,,278479.0
2022-08-19,673.88,673.88,663.98,666.45,,306837.0
2022-08-22,662.35,664.3,644.98,645.95,,422721.0
2022-08-23,639.17,643.25,633.32,638.71,,402804.0
2022-08-24,640.79,649.24,637.13,642.23,,349610.0
2022-08-25,647.97,660.34,643.87,659.51,,412286.0
2022-08-26,659.51,659.73,640.22,641.54,,364131.0
2022-08-29,634.03,639.72,630.18,630.62,,231326.0
2022-08-30,632.9,638.23,625.24,627.33,,279865.0
2022-08-31,636.8,642.94,627.25,628.75,,492897.0
2022-09-01,619.82,626.4,613.92,624.86,,313221.0
2022-09-02,624.27,626.91,602.02,603.68,,380130.0
2022-09-06,600.66,608.66,598.46,604.33,,285296.0
2022-09-07,606.71,620.52,603.62,619.02,,317895.0
2022-09-08,612.15,624.12,612.15,622.56,,263812.0
2022-09-09,621.02,631.46,620.59,629.25,,215725.0
2022-09-12,629.25,639.82,629.01,636.5,,313764.0
2022-09-13,623.66,624.65,607.54,608.57,,381748.0
2022-09-14,606.35,608.53,594.63,599.39,,335259.0
2022-09-15,598.06,600.15,585.66,589.49,,400241.0
2022-09-16,592.08,598.92,585.45,597.55,,819675.0
2022-09-19,592.58,599.67,585.57,598.71,,718908.0
2022-09-20,594.89,594.99,583.77,589.66,,926937.0
2022-09-21,596.31,605.94,591.91,593.2,,562992.0
2022-09-22,590.98,591.19,582.05,582.73,,520024.0
2022-09-23,571.78,572.68,564.51,567.31,,932366.0
2022-09-26,564.48,569.15,550.97,556.27,,658328.0
2022-09-27,558.46,567.78,542.8,542.97,,498837.0
2022-09-28,548.46,553.6,538.96,551.4,,519738.0
2022-09-29,543.13,545.87,534.31,536.95,,546669.0
2022-09-30,543.76,548.57,538.96,544.07,,602461.0
2022-10-03,548.17,556.15,545.63,553.69,,425291.0
2022-10-04,557.62,569.82,557.35,562.24,,519496.0
2022-10-05,552.32,557.59,546.14,553.23,,344842.0
2022-10-06,552.3,556.09,531.2,533.16,,585111.0
2022-10-07,525.8,530.14,514.65,518.27,,473436.0
2022-10-10,521.59,524.54,504.81,504.94,,487096.0
2022-10-11,505.29,507.24,490.27,501.47,,556069.0
2022-10-12,496.91,500.44,489.02,489.57,,468038.0
2022-10-13,474.65,503.87,473.34,499.76,,622897.0
2022-10-14,509.51,509.51,481.68,483.39,,495135.0
2022-10-17,495.73,505.28,495.73,503.98,,549520.0
2022-10-18,516.58,525.62,512.69,516.69,,449836.0
2022-10-19,507.96,510.68,502.48,502.64,,386235.0
2022-10-20,503.77,509.86,498.3,503.29,,439705.0
2022-10-21,501.69,511.34,495.99,511.32,,528821.0
2022-10-24,516.13,517.79,502.99,508.03,,355237.0
2022-10-25,511.42,531.57,511.42,530.73,,478682.0
2022-10-26,529.61,536.0,524.88,530.97,,424297.0
2022-10-27,534.09,540.97,527.63,530.77,,499053.0
2022-10-28,525.89,549.55,524.32,543.32,,456075.0
2022-10-31,534.91,545.7,533.54,541.78,,540397.0
2022-11-01,547.97,551.3,528.69,530.37,,590452.0
2022-11-02,528.0,543.27,522.96,525.34,,677583.0
2022-11-03,554.38,573.88,546.75,559.86,,831350.0
2022-11-04,562.28,587.08,553.69,584.48,,776784.0
2022-11-07,585.13,590.43,579.81,580.11,,517703.0
2022-11-08,581.09,583.91,567.53,570.29,,544541.0
2022-11-09,572.42,582.57,567.09,571.92,,480052.0
2022-11-10,589.39,622.75,589.39,619.79,,725598.0
2022-11-11,617.15,633.77,617.15,631.84,,664150.0
2022-11-14,623.65,625.62,610.7,611.12,,413878.0
2022-11-15,619.01,632.83,618.02,631.58,,474503.0
2022-11-16,632.98,633.85,622.34,622.6,,492454.0
2022-11-17,613.88,618.44,607.77,614.96,,330976.0
2022-11-18,625.77,625.91,614.47,622.14,,382458.0
2022-11-21,620.07,631.61,617.15,629.33,,414993.0
2022-11-22,628.96,630.97,623.3,630.46,,427866.0
2022-11-23,633.4,645.72,631.2,645.55,,284680.0
2022-11-25,645.84,648.52,643.96,648.33,,130537.0
2022-11-28,639.96,644.75,633.29,636.75,,595640.0
2022-11-29,635.93,646.65,630.33,644.77,,401531.0
2022-11-30,641.43,665.84,639.77,663.7,,781583.0
2022-12-01,667.88,679.95,663.74,670.9,,474241.0
2022-12-02,663.05,667.07,653.23,664.48,,524497.0
2022-12-05,659.94,670.36,655.82,657.56,,345186.0
2022-12-06,657.56,662.29,648.88,660.06,,377792.0
2022-12-07,660.55,669.68,655.46,658.38,,346793.0
2022-12-08,659.11,664.95,652.74,656.67,,360474.0
2022-12-09,651.54,663.07,647.2,649.42,,423692.0
2022-12-12,649.83,653.99,645.28,653.82,,336148.0
2022-12-13,676.75,687.08,670.78,679.42,,618748.0
2022-12-14,679.4,691.9,672.08,675.98,,553576.0
2022-12-15,662.62,676.75,659.12,664.38,,583400.0
2022-12-16,662.03,662.03,635.47,641.78,,1426532.0
2022-12-19,638.59,642.15,629.57,632.5,,409812.0
2022-12-20,629.93,635.09,622.75,626.7,,422886.0
2022-12-21,632.63,645.08,630.11,639.96,,343008.0
2022-12-22,628.54,635.01,615.91,629.51,,350555.0
2022-12-23,625.75,632.86,616.62,632.01,,214327.0
2022-12-27,635.52,635.52,623.99,629.03,,189801.0
2022-12-28,634.23,635.91,624.35,627.07,,303436.0
2022-12-29,631.34,644.17,624.88,639.4,,283862.0
2022-12-30,633.63,639.38,622.93,629.47,,268469.0
2023-01-03,637.41,644.66,628.49,636.65,,371745.0
2023-01-04,642.62,662.09,639.72,653.6,,433764.0
2023-01-05,647.81,647.81,634.19,634.84,,267310.0
2023-01-06,635.51,649.73,625.22,647.64,,391374.0
2023-01-09,647.18,660.98,644.75,654.58,,584168.0
2023-01-10,653.46,668.68,651.02,668.02,,546991.0
2023-01-11,672.93,693.78,671.58,687.21,,414475.0
2023-01-12,686.61,697.46,678.45,697.03,,336835.0
2023-01-13,688.06,698.25,686.23,693.72,,210692.0
2023-01-17,689.87,695.87,685.17,689.98,,376525.0
2023-01-18,687.21,690.14,672.1,675.26,,447785.0
2023-01-19,674.86,682.22,672.96,675.33,,289946.0
2023-01-20,674.31,692.65,666.13,691.96,,355877.0
2023-01-23,688.56,695.94,683.83,688.36,,290079.0
2023-01-24,688.25,702.16,686.68,691.53,,248602.0
2023-01-25,683.44,693.8,678.65,691.68,,378819.0
2023-01-26,692.76,702.56,692.23,700.73,,359234.0
2023-01-27,697.28,705.91,697.28,701.72,,268459.0
2023-01-30,697.7,708.92,694.73,696.57,,234430.0
2023-01-31,694.64,713.68,692.46,709.32,,542735.0
2023-02-01,704.39,714.0,691.91,709.32,,413999.0
2023-02-02,715.44,732.75,713.79,723.59,,442523.0
2023-02-03,712.39,715.13,696.3,704.39,,425754.0
2023-02-06,693.39,699.61,689.06,695.58,,251153.0
2023-02-07,691.74,700.81,687.77,697.17,,346659.0
2023-02-08,697.17,704.2,695.42,702.46,,264037.0
2023-02-09,712.11,717.57,702.18,704.1,,348785.0
2023-02-10,701.14,703.5,695.38,701.27,,279543.0
2023-02-13,706.24,712.44,704.99,710.03,,247722.0
2023-02-14,705.35,711.55,692.61,699.99,,336481.0
2023-02-15,689.53,700.51,688.0,698.87,,383449.0
2023-02-16,680.13,699.39,655.93,694.0,,669528.0
2023-02-17,687.41,690.53,678.66,688.79,,428034.0
2023-02-21,683.61,684.14,670.91,675.68,,463680.0
2023-02-22,677.53,679.04,666.75,671.21,,354502.0
2023-02-23,679.41,680.9,672.38,678.75,,227000.0
2023-02-24,674.61,674.61,656.76,658.07,,286218.0
2023-02-27,670.09,672.02,660.87,666.15,,458392.0
2023-02-28,665.57,674.24,661.33,661.41,,572866.0
2023-03-01,658.08,660.29,644.97,649.6,,442973.0
2023-03-02,639.75,661.47,636.71,661.12,,471040.0
2023-03-03,661.51,679.68,661.41,677.88,,402978.0
2023-03-06,678.37,683.61,674.36,675.41,,179637.0
2023-03-07,677.66,678.89,660.3,662.02,,275764.0
2023-03-08,663.69,680.34,662.85,670.19,,366868.0
2023-03-09,668.15,671.73,656.12,659.43,,428588.0
2023-03-10,660.07,661.27,640.54,642.77,,477161.0
2023-03-13,641.78,670.36,641.78,659.25,,435841.0
2023-03-14,669.05,672.76,658.61,667.72,,500831.0
2023-03-15,662.87,674.79,662.18,671.12,,492069.0
2023-03-16,667.39,681.87,664.02,678.45,,550636.0
2023-03-17,680.13,682.77,666.31,667.12,,841357.0
2023-03-20,666.91,669.41,660.01,665.77,,429093.0
2023-03-21,668.5,668.5,652.49,664.31,,501118.0
2023-03-22,657.67,659.05,639.62,640.26,,513254.0
2023-03-23,640.23,658.76,639.08,643.48,,385522.0
2023-03-24,643.48,658.29,638.94,658.29,,367030.0
2023-03-27,663.01,669.85,661.71,664.0,,356840.0
2023-03-28,661.47,664.91,655.0,659.59,,284621.0
2023-03-29,667.84,673.11,662.91,670.66,,414239.0
2023-03-30,672.26,678.83,672.26,677.9,,386963.0
2023-03-31,680.03,698.05,678.43,696.28,,614214.0
2023-04-03,689.72,693.59,681.29,685.57,,519303.0
2023-04-04,681.96,690.8,676.45,686.08,,421137.0
2023-04-05,685.62,693.72,679.14,679.65,,455701.0
2023-04-06,681.05,687.27,673.99,686.8,,272740.0
2023-04-10,680.59,682.46,669.51,681.99,,310444.0
2023-04-11,680.17,689.96,678.54,682.27,,410037.0
2023-04-12,688.9,694.84,684.27,686.62,,304521.0
2023-04-13,688.38,691.51,677.77,684.37,,322912.0
2023-04-14,682.24,686.33,660.92,665.03,,354763.0
2023-04-17,662.17,684.2,661.53,683.63,,336422.0
2023-04-18,684.54,684.54,676.3,681.33,,336343.0
2023-04-19,674.96,686.55,673.99,682.68,,211347.0
2023-04-20,679.5,685.35,675.38,680.81,,269306.0
2023-04-21,681.61,692.45,679.21,688.51,,251869.0
2023-04-24,685.36,689.72,682.51,688.54,,276914.0
2023-04-25,681.98,688.69,679.34,685.68,,418943.0
2023-04-26,682.37,694.68,678.86,682.48,,398432.0
2023-04-27,684.91,696.16,683.72,695.12,,370793.0
2023-04-28,690.52,700.62,688.51,699.21,,370231.0
2023-05-01,698.08,699.97,691.99,697.21,,280381.0
2023-05-02,696.16,697.9,678.9,679.02,,323985.0
2023-05-03,682.71,684.78,671.32,673.67,,377765.0
2023-05-04,679.26,708.29,676.92,704.29,,597668.0
2023-05-05,709.76,716.76,702.34,714.59,,431304.0
2023-05-08,711.28,719.35,709.03,714.7,,280199.0
2023-05-09,708.51,711.76,700.87,703.25,,382190.0
2023-05-10,704.3,726.78,702.36,724.52,,378682.0
2023-05-11,723.38,725.66,713.71,717.91,,572829.0
2023-05-12,718.46,721.39,708.13,713.84,,300709.0
2023-05-15,715.4,718.24,710.2,714.84,,327958.0
2023-05-16,712.85,712.85,690.9,691.69,,420065.0
2023-05-17,694.55,704.75,691.14,703.13,,335977.0
2023-05-18,698.41,701.47,691.92,696.41,,394085.0
2023-05-19,696.79,704.21,695.32,698.73,,351642.0
2023-05-22,698.88,710.54,695.61,701.76,,401472.0
2023-05-23,696.1,704.11,671.76,676.17,,495279.0
2023-05-24,671.93,673.67,652.95,655.18,,493108.0
2023-05-25,663.72,691.1,661.26,686.31,,840522.0
2023-05-26,691.4,715.87,691.4,707.55,,705181.0
2023-05-30,716.69,730.66,708.61,712.76,,728360.0
2023-05-31,715.31,724.87,710.65,723.47,,1288394.0
2023-06-01,721.1,733.05,718.38,730.95,,512500.0
2023-06-02,732.05,740.1,716.99,735.17,,527731.0
2023-06-05,734.89,738.13,726.87,730.78,,369595.0
2023-06-06,732.55,732.55,718.91,720.25,,392156.0
2023-06-07,720.25,720.75,704.49,717.06,,392798.0
2023-06-08,717.06,728.29,714.42,728.08,,259945.0
2023-06-09,731.12,733.33,720.36,721.66,,320159.0
2023-06-12,721.84,732.02,720.17,731.55,,368350.0
2023-06-13,731.14,737.13,727.47,734.18,,469106.0
2023-06-14,737.49,755.13,734.95,752.8,,569976.0
2023-06-15,749.61,760.28,745.06,756.52,,403468.0
2023-06-16,761.54,768.57,755.2,755.55,,904559.0
2023-06-20,755.6,758.36,743.96,757.13,,735137.0
2023-06-21,750.59,760.11,715.69,745.25,,911158.0
2023-06-22,735.16,736.29,715.4,724.87,,666037.0
2023-06-23,723.98,730.36,721.14,724.01,,789429.0
2023-06-26,729.21,740.52,725.78,737.43,,340687.0
2023-06-27,731.38,744.45,731.38,742.56,,415986.0
2023-06-28,745.84,750.56,741.8,746.42,,479835.0
2023-06-29,741.56,754.04,738.85,754.02,,366984.0
2023-06-30,761.36,763.67,748.92,760.72,,813171.0
2023-07-03,750.17,765.9,748.84,760.16,,252934.0
2023-07-05,762.28,769.76,759.77,766.72,,399914.0
2023-07-06,759.99,762.91,748.37,758.2,,462287.0
2023-07-07,755.69,759.96,748.75,749.44,,252124.0
2023-07-10,749.27,760.62,748.48,760.25,,313398.0
2023-07-11,761.52,765.47,757.34,763.82,,341092.0
2023-07-12,770.95,772.9,757.27,767.46,,498999.0
2023-07-13,767.66,778.76,760.92,777.7,,362814.0
2023-07-14,776.34,782.86,774.93,781.87,,335243.0
2023-07-17,780.36,787.94,778.65,783.65,,358002.0
2023-07-18,780.99,782.35,768.6,772.41,,468983.0
2023-07-19,778.74,792.05,778.74,788.66,,363249.0
2023-07-20,782.25,787.94,772.39,786.5,,358560.0
2023-07-21,786.19,790.47,782.24,783.22,,311984.0
2023-07-24,782.38,795.27,779.44,794.84,,329547.0
2023-07-25,792.31,795.4,788.44,792.29,,297055.0
2023-07-26,794.02,794.02,782.9,788.95,,259538.0
2023-07-27,795.71,797.3,771.24,772.49,,416224.0
2023-07-28,784.6,790.86,773.42,773.74,,393959.0
2023-07-31,774.75,787.02,771.69,785.93,,431922.0
2023-08-01,781.1,785.93,779.46,781.31,,298930.0
2023-08-02,778.44,788.45,775.04,781.77,,386132.0
2023-08-03,729.74,745.87,718.33,736.93,,911007.0
2023-08-04,735.55,751.49,730.54,735.43,,418778.0
2023-08-07,736.0,754.72,735.56,751.34,,296561.0
2023-08-08,749.55,753.34,743.27,751.55,,270369.0
2023-08-09,751.44,753.44,744.24,751.55,,260688.0
2023-08-10,757.07,763.85,749.16,751.16,,227446.0
2023-08-11,744.06,752.7,739.14,751.24,,252846.0
2023-08-14,746.52,756.69,744.59,747.37,,406902.0
2023-08-15,742.34,746.68,737.18,737.68,,344295.0
2023-08-16,737.68,740.62,730.94,731.43,,290647.0
2023-08-17,733.23,738.04,731.06,731.51,,295131.0
2023-08-18,722.8,733.73,722.8,727.56,,289726.0
2023-08-21,727.15,730.05,716.68,723.65,,266453.0
2023-08-22,728.81,737.68,725.58,733.87,,222079.0
2023-08-23,740.33,745.11,738.44,741.02,,311343.0
2023-08-24,751.97,765.01,742.8,745.86,,471040.0
2023-08-25,743.52,755.5,743.52,751.48,,243467.0
2023-08-28,756.93,766.89,755.48,758.85,,411015.0
2023-08-29,758.42,771.47,756.15,770.65,,387124.0
2023-08-30,774.16,778.35,769.43,772.55,,330928.0
2023-08-31,768.69,772.02,760.55,761.67,,545910.0
2023-09-01,768.49,771.68,756.26,757.91,,234829.0
2023-09-05,749.67,751.8,742.91,749.18,,426740.0
2023-09-06,746.83,751.23,742.66,748.54,,389060.0
2023-09-07,747.12,758.66,747.12,755.99,,363227.0
2023-09-08,755.45,759.3,749.62,751.98,,251388.0
2023-09-11,755.76,757.5,751.21,755.08,,283336.0
2023-09-12,749.82,757.83,749.23,753.6,,315310.0
2023-09-13,753.8,754.48,745.7,749.54,,229160.0
2023-09-14,757.4,766.6,752.59,762.44,,260713.0
2023-09-15,758.47,762.32,751.85,756.64,,601057.0
2023-09-18,752.78,757.48,747.41,750.06,,260537.0
2023-09-19,747.96,751.41,735.37,737.17,,322021.0
2023-09-20,742.81,748.43,737.15,738.6,,355425.0
2023-09-21,733.03,733.03,714.56,715.01,,306777.0
2023-09-22,716.46,724.54,712.22,713.45,,419223.0
2023-09-25,713.0,719.19,709.32,714.85,,376142.0
2023-09-26,711.38,712.14,690.86,693.1,,385190.0
2023-09-27,696.97,700.25,682.6,689.27,,430062.0
2023-09-28,692.39,705.32,689.59,702.79,,471990.0
2023-09-29,714.49,716.88,703.75,707.94,,494588.0
2023-10-02,704.68,712.29,687.22,694.7,,368134.0
2023-10-03,691.44,698.56,680.57,683.49,,341749.0
2023-10-04,690.26,700.05,684.12,697.87,,371011.0
2023-10-05,701.75,703.61,692.27,702.8,,234769.0
2023-10-06,695.97,710.55,690.43,705.41,,284034.0
2023-10-09,702.52,713.92,701.64,712.94,,180425.0
2023-10-10,712.64,726.9,708.91,720.16,,267356.0
2023-10-11,727.07,736.72,725.49,735.43,,445277.0
2023-10-12,735.43,738.24,720.73,724.58,,270925.0
2023-10-13,727.24,730.33,720.62,723.91,,263759.0
2023-10-16,729.61,734.66,723.59,732.46,,291989.0
2023-10-17,720.97,731.02,717.14,724.18,,311239.0
2023-10-18,717.44,721.03,710.04,714.44,,277320.0
2023-10-19,709.94,718.33,685.85,686.06,,409639.0
2023-10-20,688.45,700.88,687.05,687.82,,434006.0
2023-10-23,683.2,692.79,679.77,681.81,,376827.0
2023-10-24,683.23,693.72,682.46,686.39,,450673.0
2023-10-25,679.38,682.75,660.7,665.03,,610457.0
2023-10-26,678.94,709.18,668.48,701.36,,670957.0
2023-10-27,708.54,708.54,689.77,692.47,,338549.0
2023-10-30,698.91,707.15,690.01,697.29,,608094.0
2023-10-31,703.23,711.75,693.61,711.24,,372707.0
2023-11-01,711.4,722.25,711.0,720.49,,345852.0
2023-11-02,726.21,750.31,726.21,743.94,,476541.0
2023-11-03,755.06,763.85,747.46,751.32,,387187.0
2023-11-06,748.54,751.4,735.71,742.51,,407305.0
2023-11-07,744.91,744.91,736.23,738.88,,343225.0
2023-11-08,744.3,745.7,734.32,740.77,,313624.0
2023-11-09,742.83,745.92,735.52,737.92,,333138.0
2023-11-10,744.01,748.67,735.22,747.92,,274553.0
2023-11-13,741.33,746.3,736.87,743.31,,275182.0
2023-11-14,764.45,771.91,760.52,770.36,,494337.0
2023-11-15,770.16,770.16,761.67,765.43,,376537.0
2023-11-16,767.49,769.35,759.86,764.81,,408643.0
2023-11-17,770.88,770.88,757.92,759.19,,357048.0
2023-11-20,756.75,769.35,755.64,768.7,,270764.0
2023-11-21,769.47,777.37,768.3,772.6,,276854.0
2023-11-22,779.15,781.8,774.48,778.51,,282007.0
2023-11-24,772.83,779.15,772.83,779.15,,87767.0
2023-11-27,777.45,783.5,771.92,780.54,,234197.0
2023-11-28,778.53,783.25,775.78,781.03,,301907.0
2023-11-29,784.05,794.84,780.21,792.19,,437420.0
2023-11-30,792.87,799.9,788.73,798.76,,608818.0
2023-12-01,800.27,808.41,793.48,807.98,,376034.0
2023-12-04,801.42,807.24,798.96,805.93,,479473.0
2023-12-05,803.65,806.05,796.75,805.1,,382138.0
2023-12-06,806.45,807.55,791.63,792.18,,340950.0
2023-12-07,793.09,798.75,787.9,793.96,,367215.0
2023-12-08,788.37,792.41,780.26,785.78,,562934.0
2023-12-11,779.01,784.45,770.95,781.28,,444835.0
2023-12-12,781.28,790.91,774.42,786.85,,382818.0
2023-12-13,788.52,794.47,780.41,793.47,,778466.0
2023-12-14,802.57,802.57,783.68,789.23,,646439.0
2023-12-15,784.52,793.66,779.47,787.7,,1098899.0
2023-12-18,795.25,796.67,780.33,789.67,,510078.0
2023-12-19,789.77,794.46,787.61,793.35,,429608.0
2023-12-20,797.71,797.71,778.08,778.59,,381459.0
2023-12-21,782.68,785.91,776.08,785.62,,457886.0
2023-12-22,789.42,794.01,779.31,783.73,,222732.0
2023-12-26,781.63,789.62,781.63,788.11,,166391.0
2023-12-27,786.0,791.76,786.0,790.78,,228377.0
2023-12-28,793.34,798.37,791.67,797.86,,219562.0
2023-12-29,782.75,794.72,782.75,789.33,,312931.0
2024-01-02,786.73,796.48,784.1,794.32,,309945.0
2024-01-03,788.79,791.91,777.28,780.62,,304126.0
2024-01-04,780.15,785.15,775.08,779.03,,376065.0
2024-01-05,778.76,782.95,770.84,772.67,,345241.0
2024-01-08,773.13,788.64,771.35,787.24,,374523.0
2024-01-09,782.29,787.47,778.25,782.76,,324996.0
2024-01-10,787.96,792.24,781.14,788.35,,222264.0
2024-01-11,785.4,791.25,783.73,785.07,,195086.0
2024-01-12,793.43,799.54,790.96,798.77,,283665.0
2024-01-16,803.26,809.53,798.77,802.79,,323280.0
2024-01-17,792.35,797.22,775.06,782.93,,366575.0
2024-01-18,786.23,786.24,772.13,777.91,,606990.0
2024-01-19,778.41,790.06,774.25,786.68,,516175.0
2024-01-22,788.4,799.98,786.24,786.27,,408652.0
2024-01-23,793.55,796.23,780.79,783.07,,262999.0
2024-01-24,793.45,793.45,778.17,779.36,,337055.0
2024-01-25,789.83,807.37,786.92,799.05,,572153.0
2024-01-26,804.26,804.26,790.74,794.81,,411614.0
2024-01-29,793.79,815.96,793.79,815.18,,524622.0
2024-01-30,812.96,829.77,810.69,824.8,,688987.0
2024-01-31,828.55,829.96,812.62,813.22,,540636.0
2024-02-01,810.05,831.08,808.34,829.45,,535545.0
2024-02-02,828.59,829.94,812.4,826.65,,457830.0
2024-02-05,817.65,825.69,814.11,819.73,,372070.0
2024-02-06,825.84,829.16,818.73,821.3,,499845.0
2024-02-07,826.89,831.79,818.29,829.85,,350954.0
2024-02-08,823.51,842.58,823.51,838.28,,403898.0
2024-02-09,839.21,839.73,828.05,838.7,,394256.0
2024-02-12,841.34,841.46,828.58,833.03,,434415.0
2024-02-13,820.85,820.85,809.75,816.08,,448666.0
2024-02-14,816.08,823.2,808.69,816.2,,574717.0
2024-02-15,822.27,864.22,821.94,857.52,,768833.0
2024-02-16,846.27,856.57,833.31,839.16,,842114.0
2024-02-20,838.07,846.48,831.93,837.7,,568030.0
2024-02-21,834.31,849.02,829.38,847.49,,448795.0
2024-02-22,851.05,865.81,851.05,863.26,,516171.0
2024-02-23,867.86,868.33,861.47,864.7,,309718.0
2024-02-26,866.29,874.1,860.12,860.12,,380340.0
2024-02-27,869.0,869.0,856.28,859.82,,363189.0
2024-02-28,859.94,879.85,857.73,878.35,,437248.0
2024-02-29,881.97,884.33,872.67,875.35,,703998.0
2024-03-01,871.49,887.09,868.67,886.88,,497008.0
2024-03-04,880.94,901.06,875.41,899.81,,578741.0
2024-03-05,895.33,901.0,877.45,881.98,,449751.0
2024-03-06,886.88,894.89,881.51,892.9,,302124.0
2024-03-07,896.21,899.15,884.86,892.33,,347188.0
2024-03-08,898.18,899.74,891.73,896.31,,408663.0
2024-03-11,891.59,893.27,870.38,880.02,,359080.0
2024-03-12,880.02,886.75,874.75,879.28,,382962.0
2024-03-13,870.11,871.99,852.46,854.09,,808242.0
2024-03-14,852.65,857.43,837.14,851.61,,676731.0
2024-03-15,847.94,852.13,835.3,837.5,,1090287.0
2024-03-18,847.06,848.93,840.22,847.6,,464582.0
2024-03-19,846.05,846.05,828.25,831.78,,867229.0
2024-03-20,788.86,824.74,784.82,812.38,,2372326.0
2024-03-21,812.5,812.5,792.63,799.34,,1301725.0
2024-03-22,794.97,797.45,786.82,788.83,,1087486.0
2024-03-25,773.26,794.32,773.26,780.51,,1323564.0
2024-03-26,780.31,793.34,780.31,787.94,,930705.0
2024-03-27,796.84,804.58,788.55,802.95,,945123.0
2024-03-28,806.46,814.89,800.68,812.82,,789170.0
2024-04-01,813.48,814.32,785.53,787.92,,668671.0
2024-04-02,781.96,785.82,776.7,780.66,,551510.0
2024-04-03,778.57,785.99,773.38,776.95,,442013.0
2024-04-04,776.95,783.62,766.84,769.2,,469198.0
2024-04-05,769.74,777.94,768.24,772.52,,446419.0
2024-04-08,771.4,777.76,770.15,776.24,,607675.0
2024-04-09,781.97,789.77,774.21,789.1,,578458.0
2024-04-10,770.8,774.94,760.43,764.21,,758751.0
2024-04-11,767.57,768.16,758.49,762.09,,531969.0
2024-04-12,753.58,759.17,747.83,752.47,,498341.0
2024-04-15,749.61,757.18,729.72,732.83,,574824.0
2024-04-16,734.27,736.27,722.14,730.89,,579921.0
2024-04-17,732.28,735.46,723.12,723.43,,510802.0
2024-04-18,724.95,735.84,720.45,728.64,,483705.0
2024-04-19,732.48,737.03,725.08,736.66,,611912.0
2024-04-22,741.0,744.43,733.71,743.3,,687534.0
2024-04-23,749.54,752.75,740.0,750.35,,662877.0
2024-04-24,744.14,756.61,743.1,745.37,,776021.0
2024-04-25,732.33,735.1,723.86,727.16,,812736.0
2024-04-26,724.56,732.66,719.4,720.52,,779483.0
2024-04-29,727.75,727.75,708.28,715.33,,1002852.0
2024-04-30,709.17,713.29,695.77,700.33,,1090619.0
2024-05-01,698.3,702.15,683.85,684.79,,943948.0
2024-05-02,693.1,694.23,682.6,688.11,,1029563.0
2024-05-03,705.55,719.17,687.41,689.57,,762548.0
2024-05-06,698.24,698.24,677.64,683.21,,799123.0
2024-05-07,687.63,704.76,682.31,701.08,,629300.0
2024-05-08,690.73,692.52,673.77,682.21,,876081.0
2024-05-09,766.21,787.87,749.49,760.72,,2353632.0
2024-05-10,749.02,767.19,741.46,746.2,,975447.0
2024-05-13,748.93,765.9,744.0,765.11,,651992.0
2024-05-14,766.21,784.46,761.27,777.85,,905355.0
2024-05-15,788.19,800.2,784.34,797.41,,987018.0
2024-05-16,800.66,800.97,782.42,787.38,,609057.0
2024-05-17,788.68,793.85,784.55,787.71,,543381.0
2024-05-20,783.2,789.8,779.2,783.23,,463778.0
2024-05-21,783.94,788.88,780.37,784.43,,539515.0
2024-05-22,785.04,789.49,770.95,773.75,,426689.0
2024-05-23,776.92,780.59,759.69,759.96,,491700.0
2024-05-24,762.73,766.96,757.74,758.56,,294572.0
2024-05-28,761.38,768.21,757.08,761.13,,516371.0
2024-05-29,757.91,765.22,752.29,752.53,,357242.0
2024-05-30,763.63,763.93,751.9,753.13,,381568.0
2024-05-31,754.34,760.97,749.26,755.46,,1066486.0
2024-06-03,759.1,761.33,742.66,744.05,,451659.0
2024-06-04,747.79,761.81,741.79,757.14,,461948.0
2024-06-05,759.43,760.78,750.99,751.13,,380435.0
2024-06-06,749.22,755.93,742.28,755.31,,603460.0
2024-06-07,742.61,749.58,739.63,745.96,,378397.0
2024-06-10,741.03,758.46,740.28,755.01,,406699.0
2024-06-11,752.29,758.45,748.8,752.78,,364725.0
2024-06-12,766.97,770.08,751.95,753.94,,447780.0
2024-06-13,755.5,766.87,754.63,759.04,,366086.0
2024-06-14,760.74,763.45,754.14,758.7,,275579.0
2024-06-17,757.52,762.01,752.51,754.86,,285272.0
2024-06-18,760.75,767.28,755.54,766.21,,385362.0
2024-06-20,765.38,767.16,754.82,756.07,,369624.0
2024-06-21,755.67,759.14,750.29,757.46,,985003.0
2024-06-24,759.79,762.34,744.18,744.78,,559017.0
2024-06-25,745.58,745.78,728.33,735.53,,662747.0
2024-06-26,729.74,739.04,728.72,734.55,,654917.0
2024-06-27,737.24,745.32,734.44,744.54,,380053.0
2024-06-28,749.49,754.44,746.16,749.14,,1146810.0
2024-07-01,748.88,754.62,743.64,752.19,,387756.0
2024-07-02,754.05,759.58,745.77,748.92,,372142.0
2024-07-03,751.65,751.65,740.3,741.61,,236238.0
2024-07-05,742.97,747.65,739.37,747.05,,371423.0
2024-07-08,746.26,752.61,742.77,749.46,,292042.0
2024-07-09,751.6,762.17,744.14,759.27,,338941.0
2024-07-10,763.12,771.25,753.68,768.31,,325617.0
2024-07-11,777.76,795.3,776.76,789.93,,459384.0
2024-07-12,793.9,806.21,789.44,796.9,,466152.0
2024-07-15,798.67,801.61,787.5,796.72,,306569.0
2024-07-16,802.01,805.7,789.59,804.61,,261240.0
2024-07-17,802.01,811.33,791.29,795.22,,397151.0
2024-07-18,793.93,804.31,785.12,787.23,,339478.0
2024-07-19,788.16,792.11,775.59,779.06,,234266.0
2024-07-22,779.06,792.08,775.59,790.98,,266219.0
2024-07-23,798.35,804.85,792.38,795.05,,243110.0
2024-07-24,794.09,799.11,782.21,786.32,,353112.0
2024-07-25,789.44,793.83,759.7,761.72,,538024.0
2024-07-26,761.72,772.29,759.31,764.81,,541016.0
2024-07-29,763.94,775.41,760.5,768.89,,399141.0
2024-07-30,768.89,776.62,760.56,761.19,,665347.0
2024-07-31,770.6,791.65,762.95,782.45,,718732.0
2024-08-01,784.68,805.83,784.68,803.18,,622735.0
2024-08-02,802.73,806.91,790.8,798.7,,379114.0
2024-08-05,792.91,792.91,756.57,760.66,,675381.0
2024-08-06,759.95,783.48,755.96,776.87,,410363.0
2024-08-07,776.13,792.1,771.47,772.6,,695052.0
2024-08-08,768.09,804.74,764.39,801.5,,716659.0
2024-08-09,803.94,815.22,796.44,810.8,,365876.0
2024-08-12,806.96,811.91,795.36,811.01,,408979.0
2024-08-13,816.86,823.27,812.89,821.46,,429171.0
2024-08-14,823.55,834.95,820.63,833.19,,566505.0
2024-08-15,829.88,830.78,818.98,821.89,,553501.0
2024-08-16,817.66,823.5,812.9,820.49,,371708.0
2024-08-19,812.83,826.37,812.61,822.19,,304239.0
2024-08-20,825.35,825.35,816.65,821.66,,284125.0
2024-08-21,822.11,823.01,812.17,814.14,,382690.0
2024-08-22,814.54,816.99,810.3,815.1,,418336.0
2024-08-23,818.55,825.49,814.11,824.06,,532749.0
2024-08-26,826.48,829.08,812.25,815.05,,284009.0
2024-08-27,811.58,816.82,809.77,814.13,,257082.0
2024-08-28,813.63,814.65,806.5,809.87,,218633.0
2024-08-29,808.96,819.51,806.19,814.89,,310380.0
2024-08-30,816.52,832.54,813.15,830.43,,520988.0
2024-09-03,825.57,831.56,821.42,828.23,,402407.0
2024-09-04,822.3,826.09,812.16,823.7,,585226.0
2024-09-05,822.35,825.13,812.76,817.87,,333726.0
2024-09-06,817.66,821.13,805.73,814.11,,457770.0
2024-09-09,817.48,831.46,816.22,827.89,,430136.0
2024-09-10,831.97,861.38,831.41,860.71,,598614.0
2024-09-11,850.46,865.18,843.01,863.62,,656349.0
2024-09-12,870.59,870.59,851.43,864.72,,344173.0
2024-09-13,865.81,871.54,865.81,867.44,,282044.0
2024-09-16,867.28,876.58,867.28,872.45,,249137.0
2024-09-17,873.11,877.81,857.67,860.26,,322156.0
2024-09-18,858.24,868.76,855.89,856.9,,288287.0
2024-09-19,870.83,875.33,864.63,866.89,,596995.0
2024-09-20,861.73,882.32,858.89,873.07,,1240589.0
2024-09-23,879.71,886.41,872.14,877.77,,452040.0
2024-09-24,877.77,887.87,876.3,883.4,,435032.0
2024-09-25,887.88,892.3,883.83,885.82,,554115.0
2024-09-26,892.4,892.4,872.37,874.84,,579472.0
2024-09-27,881.98,885.42,875.8,878.54,,359055.0
2024-09-30,875.27,885.37,875.27,883.45,,534582.0
2024-10-01,890.77,890.77,872.24,878.85,,419917.0
2024-10-02,867.69,883.23,867.69,882.43,,255402.0
2024-10-03,880.76,880.76,869.86,872.1,,209435.0
2024-10-04,879.81,879.81,863.21,872.75,,236751.0
2024-10-07,864.47,868.59,860.01,865.92,,235020.0
2024-10-08,872.56,873.64,867.34,868.4,,244980.0
2024-10-09,866.03,873.64,858.17,872.63,,239260.0
2024-10-10,872.63,885.81,866.24,866.44,,268534.0
2024-10-11,865.54,874.44,860.22,867.46,,425237.0
2024-10-14,863.81,869.45,859.27,861.95,,418526.0
2024-10-15,868.02,877.87,864.4,873.9,,558064.0
2024-10-16,874.51,878.65,869.18,876.06,,260490.0
2024-10-17,876.77,885.81,871.29,884.67,,447429.0
2024-10-18,883.97,891.02,880.7,890.99,,299362.0
2024-10-21,883.8,890.83,872.99,875.8,,396333.0
2024-10-22,874.49,878.89,873.27,874.24,,264262.0
2024-10-23,869.61,887.66,868.9,886.97,,400158.0
2024-10-24,886.08,892.53,883.72,891.55,,425529.0
2024-10-25,913.08,938.58,908.7,910.03,,1032154.0
2024-10-28,923.13,924.78,908.02,908.33,,447466.0
2024-10-29,907.71,915.82,899.69,901.65,,534485.0
2024-10-30,909.1,913.28,904.1,905.94,,543437.0
2024-10-31,881.19,920.65,881.19,903.81,,850730.0
2024-11-01,909.7,912.0,883.11,884.12,,450971.0
2024-11-04,883.82,893.96,882.98,891.7,,335828.0
2024-11-05,890.19,905.18,884.72,904.71,,437534.0
2024-11-06,890.79,891.67,865.41,886.63,,671741.0
2024-11-07,894.41,905.18,886.99,903.47,,366238.0
2024-11-08,911.85,923.45,908.48,916.73,,535955.0
2024-11-11,916.73,923.18,907.38,909.2,,289832.0
2024-11-12,911.05,912.37,897.28,898.77,,810358.0
2024-11-13,901.39,910.0,900.52,901.15,,364058.0
2024-11-14,905.53,905.92,893.94,898.12,,414246.0
2024-11-15,889.48,903.62,885.98,897.37,,368707.0
2024-11-18,891.0,910.38,891.0,909.48,,480196.0
2024-11-19,911.0,927.99,905.02,923.0,,545052.0
2024-11-20,916.3,923.06,914.52,918.94,,664296.0
2024-11-21,914.0,930.15,913.76,923.6,,508063.0
2024-11-22,928.7,937.32,922.71,936.37,,512791.0
2024-11-25,940.0,976.35,938.55,974.35,,1977322.0
2024-11-26,974.0,982.69,961.36,978.26,,708108.0
2024-11-27,986.0,994.03,978.23,979.1,,459647.0
2024-11-29,983.84,991.93,980.03,981.48,,362814.0
2024-12-02,971.18,973.09,956.31,964.84,,536101.0
2024-12-03,961.91,967.6,958.99,963.65,,386928.0
2024-12-04,963.65,969.49,959.0,965.64,,319648.0
2024-12-05,956.15,975.97,953.74,973.8,,384822.0
2024-12-06,981.89,986.67,971.12,985.0,,541544.0
2024-12-09,985.77,989.84,962.08,968.98,,476078.0
2024-12-10,973.53,973.53,951.25,961.72,,469428.0
2024-12-11,965.51,975.92,962.14,973.57,,388105.0
2024-12-12,977.22,986.5,972.73,975.3,,284476.0
2024-12-13,970.15,982.98,963.04,965.0,,394573.0
2024-12-16,965.0,972.02,955.5,957.98,,515195.0
2024-12-17,954.27,971.43,945.45,960.84,,438698.0
2024-12-18,954.18,963.34,925.64,926.38,,650807.0
2024-12-19,925.01,938.96,920.4,921.57,,685376.0
2024-12-20,922.62,936.47,919.29,927.22,,1434622.0
2024-12-23,932.33,942.27,923.01,939.59,,488659.0
2024-12-24,939.59,950.01,937.7,950.01,,168351.0
2024-12-26,949.27,952.23,943.0,948.39,,234852.0
2024-12-27,939.9,950.16,939.51,942.66,,289731.0
2024-12-30,937.92,938.96,929.18,935.93,,298551.0
